timestamp,time,mac_address,rssi,tx_power,pos_x,pos_y,pos_z
1783006347928,2026-07-02 17:32:27.928,C3:00:00:63:4D:0D,-60,127,1.5,2.0,1.5
1783006348376,2026-07-02 17:32:28.376,C3:00:00:63:4D:0D,-54,127,1.5,2.0,1.5
1783006348482,2026-07-02 17:32:28.482,C3:00:00:63:4D:0D,-58,127,1.5,2.0,1.5
1783006348501,2026-07-02 17:32:28.501,C3:00:00:63:4D:0D,-54,127,1.5,2.0,1.5
1783006348546,2026-07-02 17:32:28.546,C3:00:00:63:4D:0D,-54,127,1.5,2.0,1.5
1783006348643,2026-07-02 17:32:28.643,C3:00:00:63:4D:0D,-62,127,1.5,2.0,1.5
1783006348744,2026-07-02 17:32:28.744,C3:00:00:63:4D:0D,-55,127,1.5,2.0,1.5
1783006348859,2026-07-02 17:32:28.859,C3:00:00:63:4D:0D,-54,127,1.5,2.0,1.5
1783006349062,2026-07-02 17:32:29.062,C3:00:00:63:4D:0D,-53,127,1.5,2.0,1.5
1783006349165,2026-07-02 17:32:29.165,C3:00:00:63:4D:0D,-60,127,1.5,2.0,1.5
1783006349272,2026-07-02 17:32:29.272,C3:00:00:63:4D:0D,-55,127,1.5,2.0,1.5
1783006349382,2026-07-02 17:32:29.382,C3:00:00:63:4D:0D,-54,127,1.5,2.0,1.5
1783006349491,2026-07-02 17:32:29.491,C3:00:00:63:4D:0D,-58,127,1.5,2.0,1.5
1783006349524,2026-07-02 17:32:29.524,C3:00:00:63:4D:0D,-60,127,1.5,2.0,1.5
1783006349590,2026-07-02 17:32:29.590,C3:00:00:63:4D:0D,-54,127,1.5,2.0,1.5
1783006349911,2026-07-02 17:32:29.911,C3:00:00:63:4D:0D,-54,127,1.5,2.0,1.5
1783006350010,2026-07-02 17:32:30.010,C3:00:00:63:4D:0D,-54,127,1.5,2.0,1.5
1783006350222,2026-07-02 17:32:30.222,C3:00:00:63:4D:0D,-55,127,1.5,2.0,1.5
1783006350327,2026-07-02 17:32:30.327,C3:00:00:63:4D:0D,-52,127,1.5,2.0,1.5
1783006350433,2026-07-02 17:32:30.433,C3:00:00:63:4D:0D,-61,127,1.5,2.0,1.5
1783006350644,2026-07-02 17:32:30.644,C3:00:00:63:4D:0D,-53,127,1.5,2.0,1.5
1783006350854,2026-07-02 17:32:30.854,C3:00:00:63:4D:0D,-54,127,1.5,2.0,1.5
1783006350960,2026-07-02 17:32:30.960,C3:00:00:63:4D:0D,-54,127,1.5,2.0,1.5
1783006351059,2026-07-02 17:32:31.059,C3:00:00:63:4D:0D,-61,127,1.5,2.0,1.5
1783006351264,2026-07-02 17:32:31.264,C3:00:00:63:4D:0D,-61,127,1.5,2.0,1.5
1783006351376,2026-07-02 17:32:31.376,C3:00:00:63:4D:0D,-55,127,1.5,2.0,1.5
1783006351415,2026-07-02 17:32:31.415,C3:00:00:63:4D:0D,-55,127,1.5,2.0,1.5
1783006351583,2026-07-02 17:32:31.583,C3:00:00:63:4D:0D,-60,127,1.5,2.0,1.5
1783006351705,2026-07-02 17:32:31.705,C3:00:00:63:4D:0D,-54,127,1.5,2.0,1.5
1783006351767,2026-07-02 17:32:31.767,C3:00:00:63:4D:0D,-53,127,1.5,2.0,1.5
1783006351793,2026-07-02 17:32:31.793,C3:00:00:63:4D:0D,-53,127,1.5,2.0,1.5
1783006351901,2026-07-02 17:32:31.901,C3:00:00:63:4D:0D,-61,127,1.5,2.0,1.5
1783006352012,2026-07-02 17:32:32.012,C3:00:00:63:4D:0D,-54,127,1.5,2.0,1.5
1783006352109,2026-07-02 17:32:32.109,C3:00:00:63:4D:0D,-53,127,1.5,2.0,1.5
1783006352211,2026-07-02 17:32:32.211,C3:00:00:63:4D:0D,-62,127,1.5,2.0,1.5
1783006352322,2026-07-02 17:32:32.322,C3:00:00:63:4D:0D,-55,127,1.5,2.0,1.5
1783006352423,2026-07-02 17:32:32.423,C3:00:00:63:4D:0D,-54,127,1.5,2.0,1.5
1783006352632,2026-07-02 17:32:32.632,C3:00:00:63:4D:0D,-54,127,1.5,2.0,1.5
1783006352747,2026-07-02 17:32:32.747,C3:00:00:63:4D:0D,-52,127,1.5,2.0,1.5
1783006352841,2026-07-02 17:32:32.841,C3:00:00:63:4D:0D,-58,127,1.5,2.0,1.5
1783006352955,2026-07-02 17:32:32.955,C3:00:00:63:4D:0D,-54,127,1.5,2.0,1.5
1783006353049,2026-07-02 17:32:33.049,C3:00:00:63:4D:0D,-54,127,1.5,2.0,1.5
1783006353163,2026-07-02 17:32:33.163,C3:00:00:63:4D:0D,-60,127,1.5,2.0,1.5
1783006353263,2026-07-02 17:32:33.263,C3:00:00:63:4D:0D,-54,127,1.5,2.0,1.5
1783006353367,2026-07-02 17:32:33.367,C3:00:00:63:4D:0D,-58,127,1.5,2.0,1.5
1783006353421,2026-07-02 17:32:33.421,C3:00:00:63:4D:0D,-58,127,1.5,2.0,1.5
1783006353521,2026-07-02 17:32:33.521,C3:00:00:63:4D:0D,-54,127,1.5,2.0,1.5
1783006353582,2026-07-02 17:32:33.582,C3:00:00:63:4D:0D,-54,127,1.5,2.0,1.5
1783006353686,2026-07-02 17:32:33.686,C3:00:00:63:4D:0D,-58,127,1.5,2.0,1.5
1783006353772,2026-07-02 17:32:33.772,C3:00:00:63:4D:0D,-54,127,1.5,2.0,1.5
1783006354109,2026-07-02 17:32:34.109,C3:00:00:63:4D:0D,-55,127,1.5,2.0,1.5
1783006354517,2026-07-02 17:32:34.517,C3:00:00:63:4D:0D,-54,127,1.5,2.0,1.5
1783006354627,2026-07-02 17:32:34.627,C3:00:00:63:4D:0D,-58,127,1.5,2.0,1.5
1783006354739,2026-07-02 17:32:34.739,C3:00:00:63:4D:0D,-53,127,1.5,2.0,1.5
1783006354842,2026-07-02 17:32:34.842,C3:00:00:63:4D:0D,-54,127,1.5,2.0,1.5
1783006355044,2026-07-02 17:32:35.044,C3:00:00:63:4D:0D,-54,127,1.5,2.0,1.5
1783006355155,2026-07-02 17:32:35.155,C3:00:00:63:4D:0D,-54,127,1.5,2.0,1.5
1783006355234,2026-07-02 17:32:35.234,C3:00:00:63:4D:0D,-67,127,1.5,2.0,1.5
1783006355256,2026-07-02 17:32:35.256,C3:00:00:63:4D:0D,-59,127,1.5,2.0,1.5
1783006355371,2026-07-02 17:32:35.371,C3:00:00:63:4D:0D,-55,127,1.5,2.0,1.5
1783006355438,2026-07-02 17:32:35.438,C3:00:00:63:4D:0D,-54,127,1.5,2.0,1.5
1783006355471,2026-07-02 17:32:35.471,C3:00:00:63:4D:0D,-59,127,1.5,2.0,1.5
1783006355576,2026-07-02 17:32:35.576,C3:00:00:63:4D:0D,-54,127,1.5,2.0,1.5
1783006355782,2026-07-02 17:32:35.782,C3:00:00:63:4D:0D,-58,127,1.5,2.0,1.5
1783006355802,2026-07-02 17:32:35.802,C3:00:00:63:4D:0D,-58,127,1.5,2.0,1.5
1783006355900,2026-07-02 17:32:35.900,C3:00:00:63:4D:0D,-54,127,1.5,2.0,1.5
1783006355994,2026-07-02 17:32:35.994,C3:00:00:63:4D:0D,-54,127,1.5,2.0,1.5
1783006356102,2026-07-02 17:32:36.102,C3:00:00:63:4D:0D,-58,127,1.5,2.0,1.5
1783006356212,2026-07-02 17:32:36.212,C3:00:00:63:4D:0D,-54,127,1.5,2.0,1.5
1783006356316,2026-07-02 17:32:36.316,C3:00:00:63:4D:0D,-54,127,1.5,2.0,1.5
1783006356413,2026-07-02 17:32:36.413,C3:00:00:63:4D:0D,-59,127,1.5,2.0,1.5
1783006356520,2026-07-02 17:32:36.520,C3:00:00:63:4D:0D,-54,127,1.5,2.0,1.5
1783006356622,2026-07-02 17:32:36.622,C3:00:00:63:4D:0D,-54,127,1.5,2.0,1.5
1783006356743,2026-07-02 17:32:36.743,C3:00:00:63:4D:0D,-58,127,1.5,2.0,1.5
1783006356944,2026-07-02 17:32:36.944,C3:00:00:63:4D:0D,-53,127,1.5,2.0,1.5
1783006357051,2026-07-02 17:32:37.051,C3:00:00:63:4D:0D,-58,127,1.5,2.0,1.5
1783006357144,2026-07-02 17:32:37.144,C3:00:00:63:4D:0D,-54,127,1.5,2.0,1.5
1783006357255,2026-07-02 17:32:37.255,C3:00:00:63:4D:0D,-53,127,1.5,2.0,1.5
1783006357442,2026-07-02 17:32:37.442,C3:00:00:63:4D:0D,-54,127,1.5,2.0,1.5
1783006357569,2026-07-02 17:32:37.569,C3:00:00:63:4D:0D,-58,127,1.5,2.0,1.5
1783006357676,2026-07-02 17:32:37.676,C3:00:00:63:4D:0D,-54,127,1.5,2.0,1.5
1783006357785,2026-07-02 17:32:37.785,C3:00:00:63:4D:0D,-54,127,1.5,2.0,1.5
1783006357802,2026-07-02 17:32:37.802,C3:00:00:63:4D:0D,-54,127,1.5,2.0,1.5
1783006357987,2026-07-02 17:32:37.987,C3:00:00:63:4D:0D,-54,127,1.5,2.0,1.5
1783006358098,2026-07-02 17:32:38.098,C3:00:00:63:4D:0D,-54,127,1.5,2.0,1.5
1783006358200,2026-07-02 17:32:38.200,C3:00:00:63:4D:0D,-58,127,1.5,2.0,1.5
1783006358300,2026-07-02 17:32:38.300,C3:00:00:63:4D:0D,-54,127,1.5,2.0,1.5
1783006358421,2026-07-02 17:32:38.421,C3:00:00:63:4D:0D,-54,127,1.5,2.0,1.5
1783006358512,2026-07-02 17:32:38.512,C3:00:00:63:4D:0D,-59,127,1.5,2.0,1.5
1783006358832,2026-07-02 17:32:38.832,C3:00:00:63:4D:0D,-60,127,1.5,2.0,1.5
1783006358937,2026-07-02 17:32:38.937,C3:00:00:63:4D:0D,-54,127,1.5,2.0,1.5
1783006359035,2026-07-02 17:32:39.035,C3:00:00:63:4D:0D,-53,127,1.5,2.0,1.5
1783006359139,2026-07-02 17:32:39.139,C3:00:00:63:4D:0D,-59,127,1.5,2.0,1.5
1783006359244,2026-07-02 17:32:39.244,C3:00:00:63:4D:0D,-61,127,1.5,2.0,1.5
1783006359269,2026-07-02 17:32:39.269,C3:00:00:63:4D:0D,-54,127,1.5,2.0,1.5
1783006359356,2026-07-02 17:32:39.356,C3:00:00:63:4D:0D,-54,127,1.5,2.0,1.5
1783006359447,2026-07-02 17:32:39.447,C3:00:00:63:4D:0D,-59,127,1.5,2.0,1.5
1783006359477,2026-07-02 17:32:39.477,C3:00:00:63:4D:0D,-54,127,1.5,2.0,1.5
1783006359566,2026-07-02 17:32:39.566,C3:00:00:63:4D:0D,-54,127,1.5,2.0,1.5
1783006359673,2026-07-02 17:32:39.673,C3:00:00:63:4D:0D,-58,127,1.5,2.0,1.5
1783006359776,2026-07-02 17:32:39.776,C3:00:00:63:4D:0D,-54,127,1.5,2.0,1.5
1783006359810,2026-07-02 17:32:39.810,C3:00:00:63:4D:0D,-54,127,1.5,2.0,1.5
1783006359882,2026-07-02 17:32:39.882,C3:00:00:63:4D:0D,-54,127,1.5,2.0,1.5
1783006359981,2026-07-02 17:32:39.981,C3:00:00:63:4D:0D,-58,127,1.5,2.0,1.5
1783006360192,2026-07-02 17:32:40.192,C3:00:00:63:4D:0D,-53,127,1.5,2.0,1.5
1783006360293,2026-07-02 17:32:40.293,C3:00:00:63:4D:0D,-59,127,1.5,2.0,1.5
1783006360403,2026-07-02 17:32:40.403,C3:00:00:63:4D:0D,-54,127,1.5,2.0,1.5
1783006360511,2026-07-02 17:32:40.511,C3:00:00:63:4D:0D,-54,127,1.5,2.0,1.5
1783006360621,2026-07-02 17:32:40.621,C3:00:00:63:4D:0D,-59,127,1.5,2.0,1.5
1783006360710,2026-07-02 17:32:40.710,C3:00:00:63:4D:0D,-54,127,1.5,2.0,1.5
1783006360828,2026-07-02 17:32:40.828,C3:00:00:63:4D:0D,-54,127,1.5,2.0,1.5
1783006360922,2026-07-02 17:32:40.922,C3:00:00:63:4D:0D,-58,127,1.5,2.0,1.5
1783006361039,2026-07-02 17:32:41.039,C3:00:00:63:4D:0D,-54,127,1.5,2.0,1.5
1783006361135,2026-07-02 17:32:41.135,C3:00:00:63:4D:0D,-54,127,1.5,2.0,1.5
1783006361248,2026-07-02 17:32:41.248,C3:00:00:63:4D:0D,-58,127,1.5,2.0,1.5
1783006361348,2026-07-02 17:32:41.348,C3:00:00:63:4D:0D,-54,127,1.5,2.0,1.5
1783006361470,2026-07-02 17:32:41.470,C3:00:00:63:4D:0D,-59,127,1.5,2.0,1.5
1783006361536,2026-07-02 17:32:41.536,C3:00:00:63:4D:0D,-58,127,1.5,2.0,1.5
1783006361559,2026-07-02 17:32:41.559,C3:00:00:63:4D:0D,-58,127,1.5,2.0,1.5
1783006361666,2026-07-02 17:32:41.666,C3:00:00:63:4D:0D,-53,127,1.5,2.0,1.5
1783006361772,2026-07-02 17:32:41.772,C3:00:00:63:4D:0D,-59,127,1.5,2.0,1.5
1783006361807,2026-07-02 17:32:41.807,C3:00:00:63:4D:0D,-59,127,1.5,2.0,1.5
1783006361874,2026-07-02 17:32:41.874,C3:00:00:63:4D:0D,-54,127,1.5,2.0,1.5
1783006361980,2026-07-02 17:32:41.980,C3:00:00:63:4D:0D,-54,127,1.5,2.0,1.5
1783006362188,2026-07-02 17:32:42.188,C3:00:00:63:4D:0D,-54,127,1.5,2.0,1.5
1783006362289,2026-07-02 17:32:42.289,C3:00:00:63:4D:0D,-54,127,1.5,2.0,1.5
1783006362711,2026-07-02 17:32:42.711,C3:00:00:63:4D:0D,-58,127,1.5,2.0,1.5
1783006362818,2026-07-02 17:32:42.818,C3:00:00:63:4D:0D,-54,127,1.5,2.0,1.5
1783006363023,2026-07-02 17:32:43.023,C3:00:00:63:4D:0D,-58,127,1.5,2.0,1.5
1783006363137,2026-07-02 17:32:43.137,C3:00:00:63:4D:0D,-54,127,1.5,2.0,1.5
1783006363248,2026-07-02 17:32:43.248,C3:00:00:63:4D:0D,-54,127,1.5,2.0,1.5
1783006363257,2026-07-02 17:32:43.257,C3:00:00:63:4D:0D,-61,127,1.5,2.0,1.5
1783006363340,2026-07-02 17:32:43.340,C3:00:00:63:4D:0D,-59,127,1.5,2.0,1.5
1783006363456,2026-07-02 17:32:43.456,C3:00:00:63:4D:0D,-54,127,1.5,2.0,1.5
1783006363469,2026-07-02 17:32:43.469,C3:00:00:63:4D:0D,-54,127,1.5,2.0,1.5
1783006363547,2026-07-02 17:32:43.547,C3:00:00:63:4D:0D,-54,127,1.5,2.0,1.5
1783006363771,2026-07-02 17:32:43.771,C3:00:00:63:4D:0D,-54,127,1.5,2.0,1.5
1783006363802,2026-07-02 17:32:43.802,C3:00:00:63:4D:0D,-54,127,1.5,2.0,1.5
1783006363982,2026-07-02 17:32:43.982,C3:00:00:63:4D:0D,-54,127,1.5,2.0,1.5
1783006364078,2026-07-02 17:32:44.078,C3:00:00:63:4D:0D,-54,127,1.5,2.0,1.5
1783006364186,2026-07-02 17:32:44.186,C3:00:00:63:4D:0D,-59,127,1.5,2.0,1.5
1783006364292,2026-07-02 17:32:44.292,C3:00:00:63:4D:0D,-54,127,1.5,2.0,1.5
1783006364491,2026-07-02 17:32:44.491,C3:00:00:63:4D:0D,-58,127,1.5,2.0,1.5
1783006364611,2026-07-02 17:32:44.611,C3:00:00:63:4D:0D,-54,127,1.5,2.0,1.5
1783006364714,2026-07-02 17:32:44.714,C3:00:00:63:4D:0D,-53,127,1.5,2.0,1.5
1783006364818,2026-07-02 17:32:44.818,C3:00:00:63:4D:0D,-58,127,1.5,2.0,1.5
1783006364928,2026-07-02 17:32:44.928,C3:00:00:63:4D:0D,-54,127,1.5,2.0,1.5
1783006365144,2026-07-02 17:32:45.144,C3:00:00:63:4D:0D,-58,127,1.5,2.0,1.5
1783006365228,2026-07-02 17:32:45.228,C3:00:00:63:4D:0D,-54,127,1.5,2.0,1.5
1783006365338,2026-07-02 17:32:45.338,C3:00:00:63:4D:0D,-54,127,1.5,2.0,1.5
1783006365448,2026-07-02 17:32:45.448,C3:00:00:63:4D:0D,-58,127,1.5,2.0,1.5
1783006365478,2026-07-02 17:32:45.478,C3:00:00:63:4D:0D,-55,127,1.5,2.0,1.5
1783006365535,2026-07-02 17:32:45.535,C3:00:00:63:4D:0D,-53,127,1.5,2.0,1.5
1783006365549,2026-07-02 17:32:45.549,C3:00:00:63:4D:0D,-54,127,1.5,2.0,1.5
1783006365654,2026-07-02 17:32:45.654,C3:00:00:63:4D:0D,-53,127,1.5,2.0,1.5
1783006365751,2026-07-02 17:32:45.751,C3:00:00:63:4D:0D,-58,127,1.5,2.0,1.5
1783006365817,2026-07-02 17:32:45.817,C3:00:00:63:4D:0D,-54,127,1.5,2.0,1.5
1783006365870,2026-07-02 17:32:45.870,C3:00:00:63:4D:0D,-54,127,1.5,2.0,1.5
1783006366074,2026-07-02 17:32:46.074,C3:00:00:63:4D:0D,-54,127,1.5,2.0,1.5
1783006366179,2026-07-02 17:32:46.179,C3:00:00:63:4D:0D,-54,127,1.5,2.0,1.5
1783006366389,2026-07-02 17:32:46.389,C3:00:00:63:4D:0D,-54,127,1.5,2.0,1.5
1783006366494,2026-07-02 17:32:46.494,C3:00:00:63:4D:0D,-54,127,1.5,2.0,1.5
1783006366600,2026-07-02 17:32:46.600,C3:00:00:63:4D:0D,-58,127,1.5,2.0,1.5
1783006366703,2026-07-02 17:32:46.703,C3:00:00:63:4D:0D,-54,127,1.5,2.0,1.5
1783006366806,2026-07-02 17:32:46.806,C3:00:00:63:4D:0D,-54,127,1.5,2.0,1.5
1783006367022,2026-07-02 17:32:47.022,C3:00:00:63:4D:0D,-54,127,1.5,2.0,1.5
1783006367129,2026-07-02 17:32:47.129,C3:00:00:63:4D:0D,-54,127,1.5,2.0,1.5
1783006367264,2026-07-02 17:32:47.264,C3:00:00:63:4D:0D,-66,127,1.5,2.0,1.5
1783006367439,2026-07-02 17:32:47.439,C3:00:00:63:4D:0D,-54,127,1.5,2.0,1.5
1783006367477,2026-07-02 17:32:47.477,C3:00:00:63:4D:0D,-58,127,1.5,2.0,1.5
1783006367760,2026-07-02 17:32:47.760,C3:00:00:63:4D:0D,-54,127,1.5,2.0,1.5
1783006367820,2026-07-02 17:32:47.820,C3:00:00:63:4D:0D,-58,127,1.5,2.0,1.5
1783006367963,2026-07-02 17:32:47.963,C3:00:00:63:4D:0D,-56,127,1.5,2.0,1.5
1783006368174,2026-07-02 17:32:48.174,C3:00:00:63:4D:0D,-54,127,1.5,2.0,1.5
1783006368485,2026-07-02 17:32:48.485,C3:00:00:63:4D:0D,-54,127,1.5,2.0,1.5
1783006368596,2026-07-02 17:32:48.596,C3:00:00:63:4D:0D,-54,127,1.5,2.0,1.5
1783006368807,2026-07-02 17:32:48.807,C3:00:00:63:4D:0D,-54,127,1.5,2.0,1.5
1783006368904,2026-07-02 17:32:48.904,C3:00:00:63:4D:0D,-53,127,1.5,2.0,1.5
1783006369115,2026-07-02 17:32:49.115,C3:00:00:63:4D:0D,-54,127,1.5,2.0,1.5
1783006369221,2026-07-02 17:32:49.221,C3:00:00:63:4D:0D,-54,127,1.5,2.0,1.5
1783006369431,2026-07-02 17:32:49.431,C3:00:00:63:4D:0D,-54,127,1.5,2.0,1.5
1783006369495,2026-07-02 17:32:49.495,C3:00:00:63:4D:0D,-54,127,1.5,2.0,1.5
1783006369538,2026-07-02 17:32:49.538,C3:00:00:63:4D:0D,-54,127,1.5,2.0,1.5
1783006369558,2026-07-02 17:32:49.558,C3:00:00:63:4D:0D,-54,127,1.5,2.0,1.5
1783006369757,2026-07-02 17:32:49.757,C3:00:00:63:4D:0D,-54,127,1.5,2.0,1.5
1783006369830,2026-07-02 17:32:49.830,C3:00:00:63:4D:0D,-54,127,1.5,2.0,1.5
1783006369857,2026-07-02 17:32:49.857,C3:00:00:63:4D:0D,-54,127,1.5,2.0,1.5
1783006369955,2026-07-02 17:32:49.955,C3:00:00:63:4D:0D,-58,127,1.5,2.0,1.5
1783006370064,2026-07-02 17:32:50.064,C3:00:00:63:4D:0D,-54,127,1.5,2.0,1.5
1783006370177,2026-07-02 17:32:50.177,C3:00:00:63:4D:0D,-58,127,1.5,2.0,1.5
1783006370384,2026-07-02 17:32:50.384,C3:00:00:63:4D:0D,-54,127,1.5,2.0,1.5
1783006370480,2026-07-02 17:32:50.480,C3:00:00:63:4D:0D,-58,127,1.5,2.0,1.5
1783006370597,2026-07-02 17:32:50.597,C3:00:00:63:4D:0D,-54,127,1.5,2.0,1.5
1783006370708,2026-07-02 17:32:50.708,C3:00:00:63:4D:0D,-54,127,1.5,2.0,1.5
1783006370794,2026-07-02 17:32:50.794,C3:00:00:63:4D:0D,-58,127,1.5,2.0,1.5
1783006370899,2026-07-02 17:32:50.899,C3:00:00:63:4D:0D,-54,127,1.5,2.0,1.5
1783006371006,2026-07-02 17:32:51.006,C3:00:00:63:4D:0D,-54,127,1.5,2.0,1.5
1783006371115,2026-07-02 17:32:51.115,C3:00:00:63:4D:0D,-58,127,1.5,2.0,1.5
1783006371221,2026-07-02 17:32:51.221,C3:00:00:63:4D:0D,-54,127,1.5,2.0,1.5
1783006371269,2026-07-02 17:32:51.269,C3:00:00:63:4D:0D,-61,127,1.5,2.0,1.5
1783006371325,2026-07-02 17:32:51.325,C3:00:00:63:4D:0D,-54,127,1.5,2.0,1.5
1783006371431,2026-07-02 17:32:51.431,C3:00:00:63:4D:0D,-59,127,1.5,2.0,1.5
1783006371541,2026-07-02 17:32:51.541,C3:00:00:63:4D:0D,-54,127,1.5,2.0,1.5
1783006371834,2026-07-02 17:32:51.834,C3:00:00:63:4D:0D,-54,127,1.5,2.0,1.5
1783006371857,2026-07-02 17:32:51.857,C3:00:00:63:4D:0D,-54,127,1.5,2.0,1.5
1783006372057,2026-07-02 17:32:52.057,C3:00:00:63:4D:0D,-59,127,1.5,2.0,1.5
1783006372161,2026-07-02 17:32:52.161,C3:00:00:63:4D:0D,-54,127,1.5,2.0,1.5
1783006372264,2026-07-02 17:32:52.264,C3:00:00:63:4D:0D,-54,127,1.5,2.0,1.5
1783006372474,2026-07-02 17:32:52.474,C3:00:00:63:4D:0D,-54,127,1.5,2.0,1.5
1783006372578,2026-07-02 17:32:52.578,C3:00:00:63:4D:0D,-60,127,1.5,2.0,1.5
1783006372685,2026-07-02 17:32:52.685,C3:00:00:63:4D:0D,-54,127,1.5,2.0,1.5
1783006372794,2026-07-02 17:32:52.794,C3:00:00:63:4D:0D,-54,127,1.5,2.0,1.5
1783006372901,2026-07-02 17:32:52.901,C3:00:00:63:4D:0D,-58,127,1.5,2.0,1.5
1783006373002,2026-07-02 17:32:53.002,C3:00:00:63:4D:0D,-54,127,1.5,2.0,1.5
1783006373213,2026-07-02 17:32:53.213,C3:00:00:63:4D:0D,-59,127,1.5,2.0,1.5
1783006373318,2026-07-02 17:32:53.318,C3:00:00:63:4D:0D,-54,127,1.5,2.0,1.5
1783006373428,2026-07-02 17:32:53.428,C3:00:00:63:4D:0D,-54,127,1.5,2.0,1.5
1783006373514,2026-07-02 17:32:53.514,C3:00:00:63:4D:0D,-58,127,1.5,2.0,1.5
1783006373543,2026-07-02 17:32:53.543,C3:00:00:63:4D:0D,-58,127,1.5,2.0,1.5
1783006373558,2026-07-02 17:32:53.558,C3:00:00:63:4D:0D,-58,127,1.5,2.0,1.5
1783006373641,2026-07-02 17:32:53.641,C3:00:00:63:4D:0D,-54,127,1.5,2.0,1.5
1783006373741,2026-07-02 17:32:53.741,C3:00:00:63:4D:0D,-54,127,1.5,2.0,1.5
1783006373835,2026-07-02 17:32:53.835,C3:00:00:63:4D:0D,-58,127,1.5,2.0,1.5
1783006373856,2026-07-02 17:32:53.856,C3:00:00:63:4D:0D,-58,127,1.5,2.0,1.5
1783006373943,2026-07-02 17:32:53.943,C3:00:00:63:4D:0D,-54,127,1.5,2.0,1.5
1783006374053,2026-07-02 17:32:54.053,C3:00:00:63:4D:0D,-54,127,1.5,2.0,1.5
1783006374260,2026-07-02 17:32:54.260,C3:00:00:63:4D:0D,-54,127,1.5,2.0,1.5
1783006374374,2026-07-02 17:32:54.374,C3:00:00:63:4D:0D,-54,127,1.5,2.0,1.5
1783006374484,2026-07-02 17:32:54.484,C3:00:00:63:4D:0D,-54,127,1.5,2.0,1.5
1783006374590,2026-07-02 17:32:54.590,C3:00:00:63:4D:0D,-54,127,1.5,2.0,1.5
1783006374690,2026-07-02 17:32:54.690,C3:00:00:63:4D:0D,-59,127,1.5,2.0,1.5
1783006374783,2026-07-02 17:32:54.783,C3:00:00:63:4D:0D,-54,127,1.5,2.0,1.5
1783006374888,2026-07-02 17:32:54.888,C3:00:00:63:4D:0D,-54,127,1.5,2.0,1.5
1783006374990,2026-07-02 17:32:54.990,C3:00:00:63:4D:0D,-59,127,1.5,2.0,1.5
1783006375105,2026-07-02 17:32:55.105,C3:00:00:63:4D:0D,-54,127,1.5,2.0,1.5
1783006375203,2026-07-02 17:32:55.203,C3:00:00:63:4D:0D,-54,127,1.5,2.0,1.5
1783006375289,2026-07-02 17:32:55.289,C3:00:00:63:4D:0D,-67,127,1.5,2.0,1.5
1783006375306,2026-07-02 17:32:55.306,C3:00:00:63:4D:0D,-59,127,1.5,2.0,1.5
1783006375421,2026-07-02 17:32:55.421,C3:00:00:63:4D:0D,-54,127,1.5,2.0,1.5
1783006375548,2026-07-02 17:32:55.548,C3:00:00:63:4D:0D,-54,127,1.5,2.0,1.5
1783006375626,2026-07-02 17:32:55.626,C3:00:00:63:4D:0D,-59,127,1.5,2.0,1.5
1783006375837,2026-07-02 17:32:55.837,C3:00:00:63:4D:0D,-54,127,1.5,2.0,1.5
1783006375855,2026-07-02 17:32:55.855,C3:00:00:63:4D:0D,-54,127,1.5,2.0,1.5
1783006375956,2026-07-02 17:32:55.956,C3:00:00:63:4D:0D,-59,127,1.5,2.0,1.5
1783006376043,2026-07-02 17:32:56.043,C3:00:00:63:4D:0D,-54,127,1.5,2.0,1.5
1783006376256,2026-07-02 17:32:56.256,C3:00:00:63:4D:0D,-59,127,1.5,2.0,1.5
1783006376365,2026-07-02 17:32:56.365,C3:00:00:63:4D:0D,-54,127,1.5,2.0,1.5
1783006376464,2026-07-02 17:32:56.464,C3:00:00:63:4D:0D,-54,127,1.5,2.0,1.5
1783006376570,2026-07-02 17:32:56.570,C3:00:00:63:4D:0D,-54,127,1.5,2.0,1.5
1783006376890,2026-07-02 17:32:56.890,C3:00:00:63:4D:0D,-54,127,1.5,2.0,1.5
1783006376987,2026-07-02 17:32:56.987,C3:00:00:63:4D:0D,-54,127,1.5,2.0,1.5
1783006377201,2026-07-02 17:32:57.201,C3:00:00:63:4D:0D,-54,127,1.5,2.0,1.5
1783006377313,2026-07-02 17:32:57.313,C3:00:00:63:4D:0D,-54,127,1.5,2.0,1.5
1783006377405,2026-07-02 17:32:57.405,C3:00:00:63:4D:0D,-60,127,1.5,2.0,1.5
1783006377516,2026-07-02 17:32:57.516,C3:00:00:63:4D:0D,-54,127,1.5,2.0,1.5
1783006377537,2026-07-02 17:32:57.537,C3:00:00:63:4D:0D,-54,127,1.5,2.0,1.5
1783006377559,2026-07-02 17:32:57.559,C3:00:00:63:4D:0D,-54,127,1.5,2.0,1.5
1783006377623,2026-07-02 17:32:57.623,C3:00:00:63:4D:0D,-54,127,1.5,2.0,1.5
1783006377721,2026-07-02 17:32:57.721,C3:00:00:63:4D:0D,-59,127,1.5,2.0,1.5
1783006377829,2026-07-02 17:32:57.829,C3:00:00:63:4D:0D,-54,127,1.5,2.0,1.5
1783006378044,2026-07-02 17:32:58.044,C3:00:00:63:4D:0D,-59,127,1.5,2.0,1.5
1783006378147,2026-07-02 17:32:58.147,C3:00:00:63:4D:0D,-54,127,1.5,2.0,1.5
1783006378253,2026-07-02 17:32:58.253,C3:00:00:63:4D:0D,-54,127,1.5,2.0,1.5
1783006378458,2026-07-02 17:32:58.458,C3:00:00:63:4D:0D,-54,127,1.5,2.0,1.5
1783006378683,2026-07-02 17:32:58.683,C3:00:00:63:4D:0D,-54,127,1.5,2.0,1.5
1783006378776,2026-07-02 17:32:58.776,C3:00:00:63:4D:0D,-54,127,1.5,2.0,1.5
1783006378885,2026-07-02 17:32:58.885,C3:00:00:63:4D:0D,-59,127,1.5,2.0,1.5
1783006378987,2026-07-02 17:32:58.987,C3:00:00:63:4D:0D,-54,127,1.5,2.0,1.5
1783006379101,2026-07-02 17:32:59.101,C3:00:00:63:4D:0D,-54,127,1.5,2.0,1.5
1783006379191,2026-07-02 17:32:59.191,C3:00:00:63:4D:0D,-59,127,1.5,2.0,1.5
1783006379313,2026-07-02 17:32:59.313,C3:00:00:63:4D:0D,-54,127,1.5,2.0,1.5
1783006379513,2026-07-02 17:32:59.513,C3:00:00:63:4D:0D,-59,127,1.5,2.0,1.5
1783006379546,2026-07-02 17:32:59.546,C3:00:00:63:4D:0D,-60,127,1.5,2.0,1.5
1783006379623,2026-07-02 17:32:59.623,C3:00:00:63:4D:0D,-54,127,1.5,2.0,1.5
1783006379722,2026-07-02 17:32:59.722,C3:00:00:63:4D:0D,-54,127,1.5,2.0,1.5
1783006379827,2026-07-02 17:32:59.827,C3:00:00:63:4D:0D,-59,127,1.5,2.0,1.5
1783006379864,2026-07-02 17:32:59.864,C3:00:00:63:4D:0D,-54,127,1.5,2.0,1.5
1783006379926,2026-07-02 17:32:59.926,C3:00:00:63:4D:0D,-54,127,1.5,2.0,1.5
1783006380040,2026-07-02 17:33:00.040,C3:00:00:63:4D:0D,-54,127,1.5,2.0,1.5
1783006380146,2026-07-02 17:33:00.146,C3:00:00:63:4D:0D,-59,127,1.5,2.0,1.5
1783006380240,2026-07-02 17:33:00.240,C3:00:00:63:4D:0D,-54,127,1.5,2.0,1.5
1783006380355,2026-07-02 17:33:00.355,C3:00:00:63:4D:0D,-54,127,1.5,2.0,1.5
1783006380459,2026-07-02 17:33:00.459,C3:00:00:63:4D:0D,-59,127,1.5,2.0,1.5
1783006380562,2026-07-02 17:33:00.562,C3:00:00:63:4D:0D,-54,127,1.5,2.0,1.5
1783006380875,2026-07-02 17:33:00.875,C3:00:00:63:4D:0D,-54,127,1.5,2.0,1.5
1783006381084,2026-07-02 17:33:01.084,C3:00:00:63:4D:0D,-54,127,1.5,2.0,1.5
1783006381292,2026-07-02 17:33:01.292,C3:00:00:63:4D:0D,-57,127,1.5,2.0,1.5
1783006381507,2026-07-02 17:33:01.507,C3:00:00:63:4D:0D,-54,127,1.5,2.0,1.5
1783006381551,2026-07-02 17:33:01.551,C3:00:00:63:4D:0D,-54,127,1.5,2.0,1.5
1783006381563,2026-07-02 17:33:01.563,C3:00:00:63:4D:0D,-59,127,1.5,2.0,1.5
1783006381611,2026-07-02 17:33:01.611,C3:00:00:63:4D:0D,-60,127,1.5,2.0,1.5
1783006381715,2026-07-02 17:33:01.715,C3:00:00:63:4D:0D,-54,127,1.5,2.0,1.5
1783006381828,2026-07-02 17:33:01.828,C3:00:00:63:4D:0D,-54,127,1.5,2.0,1.5
1783006381865,2026-07-02 17:33:01.865,C3:00:00:63:4D:0D,-60,127,1.5,2.0,1.5
1783006381934,2026-07-02 17:33:01.934,C3:00:00:63:4D:0D,-60,127,1.5,2.0,1.5
1783006382029,2026-07-02 17:33:02.029,C3:00:00:63:4D:0D,-54,127,1.5,2.0,1.5
1783006382135,2026-07-02 17:33:02.135,C3:00:00:63:4D:0D,-54,127,1.5,2.0,1.5
1783006382240,2026-07-02 17:33:02.240,C3:00:00:63:4D:0D,-59,127,1.5,2.0,1.5
1783006382346,2026-07-02 17:33:02.346,C3:00:00:63:4D:0D,-54,127,1.5,2.0,1.5
1783006382456,2026-07-02 17:33:02.456,C3:00:00:63:4D:0D,-54,127,1.5,2.0,1.5
1783006382558,2026-07-02 17:33:02.558,C3:00:00:63:4D:0D,-59,127,1.5,2.0,1.5
1783006382665,2026-07-02 17:33:02.665,C3:00:00:63:4D:0D,-54,127,1.5,2.0,1.5
1783006382765,2026-07-02 17:33:02.765,C3:00:00:63:4D:0D,-54,127,1.5,2.0,1.5
1783006382871,2026-07-02 17:33:02.871,C3:00:00:63:4D:0D,-54,127,1.5,2.0,1.5
1783006383182,2026-07-02 17:33:03.182,C3:00:00:63:4D:0D,-54,127,1.5,2.0,1.5
1783006383289,2026-07-02 17:33:03.289,C3:00:00:63:4D:0D,-54,127,1.5,2.0,1.5
1783006383307,2026-07-02 17:33:03.307,C3:00:00:63:4D:0D,-61,127,1.5,2.0,1.5
1783006383391,2026-07-02 17:33:03.391,C3:00:00:63:4D:0D,-60,127,1.5,2.0,1.5
1783006383499,2026-07-02 17:33:03.499,C3:00:00:63:4D:0D,-54,127,1.5,2.0,1.5
1783006383564,2026-07-02 17:33:03.564,C3:00:00:63:4D:0D,-54,127,1.5,2.0,1.5
1783006383601,2026-07-02 17:33:03.601,C3:00:00:63:4D:0D,-54,127,1.5,2.0,1.5
1783006383707,2026-07-02 17:33:03.707,C3:00:00:63:4D:0D,-59,127,1.5,2.0,1.5
1783006383815,2026-07-02 17:33:03.815,C3:00:00:63:4D:0D,-54,127,1.5,2.0,1.5
1783006383875,2026-07-02 17:33:03.875,C3:00:00:63:4D:0D,-54,127,1.5,2.0,1.5
1783006383921,2026-07-02 17:33:03.921,C3:00:00:63:4D:0D,-54,127,1.5,2.0,1.5
1783006384247,2026-07-02 17:33:04.247,C3:00:00:63:4D:0D,-54,127,1.5,2.0,1.5
1783006384338,2026-07-02 17:33:04.338,C3:00:00:63:4D:0D,-58,127,1.5,2.0,1.5
1783006384558,2026-07-02 17:33:04.558,C3:00:00:63:4D:0D,-54,127,1.5,2.0,1.5
1783006384657,2026-07-02 17:33:04.657,C3:00:00:63:4D:0D,-58,127,1.5,2.0,1.5
1783006384764,2026-07-02 17:33:04.764,C3:00:00:63:4D:0D,-54,127,1.5,2.0,1.5
1783006385078,2026-07-02 17:33:05.078,C3:00:00:63:4D:0D,-54,127,1.5,2.0,1.5
1783006385382,2026-07-02 17:33:05.382,C3:00:00:63:4D:0D,-53,127,1.5,2.0,1.5
1783006385498,2026-07-02 17:33:05.498,C3:00:00:63:4D:0D,-58,127,1.5,2.0,1.5
1783006385579,2026-07-02 17:33:05.579,C3:00:00:63:4D:0D,-55,127,1.5,2.0,1.5
1783006385602,2026-07-02 17:33:05.602,C3:00:00:63:4D:0D,-55,127,1.5,2.0,1.5
1783006385703,2026-07-02 17:33:05.703,C3:00:00:63:4D:0D,-54,127,1.5,2.0,1.5
1783006385811,2026-07-02 17:33:05.811,C3:00:00:63:4D:0D,-58,127,1.5,2.0,1.5
1783006385883,2026-07-02 17:33:05.883,C3:00:00:63:4D:0D,-55,127,1.5,2.0,1.5
1783006385914,2026-07-02 17:33:05.914,C3:00:00:63:4D:0D,-54,127,1.5,2.0,1.5
1783006386022,2026-07-02 17:33:06.022,C3:00:00:63:4D:0D,-54,127,1.5,2.0,1.5
1783006386129,2026-07-02 17:33:06.129,C3:00:00:63:4D:0D,-58,127,1.5,2.0,1.5
1783006386330,2026-07-02 17:33:06.330,C3:00:00:63:4D:0D,-54,127,1.5,2.0,1.5
1783006386442,2026-07-02 17:33:06.442,C3:00:00:63:4D:0D,-58,127,1.5,2.0,1.5
1783006386538,2026-07-02 17:33:06.538,C3:00:00:63:4D:0D,-54,127,1.5,2.0,1.5
1783006386648,2026-07-02 17:33:06.648,C3:00:00:63:4D:0D,-54,127,1.5,2.0,1.5
1783006386753,2026-07-02 17:33:06.753,C3:00:00:63:4D:0D,-58,127,1.5,2.0,1.5
1783006386862,2026-07-02 17:33:06.862,C3:00:00:63:4D:0D,-54,127,1.5,2.0,1.5
1783006387062,2026-07-02 17:33:07.062,C3:00:00:63:4D:0D,-58,127,1.5,2.0,1.5
1783006387172,2026-07-02 17:33:07.172,C3:00:00:63:4D:0D,-54,127,1.5,2.0,1.5
1783006387276,2026-07-02 17:33:07.276,C3:00:00:63:4D:0D,-58,127,1.5,2.0,1.5
1783006387301,2026-07-02 17:33:07.301,C3:00:00:63:4D:0D,-66,127,1.5,2.0,1.5
1783006387383,2026-07-02 17:33:07.383,C3:00:00:63:4D:0D,-53,127,1.5,2.0,1.5
1783006387488,2026-07-02 17:33:07.488,C3:00:00:63:4D:0D,-56,127,1.5,2.0,1.5
1783006387583,2026-07-02 17:33:07.583,C3:00:00:63:4D:0D,-58,127,1.5,2.0,1.5
1783006387893,2026-07-02 17:33:07.893,C3:00:00:63:4D:0D,-58,127,1.5,2.0,1.5
1783006388127,2026-07-02 17:33:08.127,C3:00:00:63:4D:0D,-54,127,1.5,2.0,1.5
1783006388328,2026-07-02 17:33:08.328,C3:00:00:63:4D:0D,-55,127,1.5,2.0,1.5
1783006388653,2026-07-02 17:33:08.653,C3:00:00:63:4D:0D,-55,127,1.5,2.0,1.5
1783006388754,2026-07-02 17:33:08.754,C3:00:00:63:4D:0D,-54,127,1.5,2.0,1.5
1783006388951,2026-07-02 17:33:08.951,C3:00:00:63:4D:0D,-54,127,1.5,2.0,1.5
1783006389068,2026-07-02 17:33:09.068,C3:00:00:63:4D:0D,-54,127,1.5,2.0,1.5
1783006389165,2026-07-02 17:33:09.165,C3:00:00:63:4D:0D,-57,127,1.5,2.0,1.5
1783006389280,2026-07-02 17:33:09.280,C3:00:00:63:4D:0D,-54,127,1.5,2.0,1.5
1783006389382,2026-07-02 17:33:09.382,C3:00:00:63:4D:0D,-56,127,1.5,2.0,1.5
1783006389567,2026-07-02 17:33:09.567,C3:00:00:63:4D:0D,-55,127,1.5,2.0,1.5
1783006389589,2026-07-02 17:33:09.589,C3:00:00:63:4D:0D,-54,127,1.5,2.0,1.5
1783006389605,2026-07-02 17:33:09.605,C3:00:00:63:4D:0D,-54,127,1.5,2.0,1.5
1783006389692,2026-07-02 17:33:09.692,C3:00:00:63:4D:0D,-56,127,1.5,2.0,1.5
1783006389798,2026-07-02 17:33:09.798,C3:00:00:63:4D:0D,-55,127,1.5,2.0,1.5
1783006389893,2026-07-02 17:33:09.893,C3:00:00:63:4D:0D,-54,127,1.5,2.0,1.5
1783006389923,2026-07-02 17:33:09.923,C3:00:00:63:4D:0D,-54,127,1.5,2.0,1.5
1783006390112,2026-07-02 17:33:10.112,C3:00:00:63:4D:0D,-55,127,1.5,2.0,1.5
1783006390323,2026-07-02 17:33:10.323,C3:00:00:63:4D:0D,-56,127,1.5,2.0,1.5
1783006390440,2026-07-02 17:33:10.440,C3:00:00:63:4D:0D,-54,127,1.5,2.0,1.5
1783006390642,2026-07-02 17:33:10.642,C3:00:00:63:4D:0D,-57,127,1.5,2.0,1.5
1783006390741,2026-07-02 17:33:10.741,C3:00:00:63:4D:0D,-54,127,1.5,2.0,1.5
1783006390852,2026-07-02 17:33:10.852,C3:00:00:63:4D:0D,-54,127,1.5,2.0,1.5
1783006390958,2026-07-02 17:33:10.958,C3:00:00:63:4D:0D,-58,127,1.5,2.0,1.5
1783006391055,2026-07-02 17:33:11.055,C3:00:00:63:4D:0D,-54,127,1.5,2.0,1.5
1783006391163,2026-07-02 17:33:11.163,C3:00:00:63:4D:0D,-54,127,1.5,2.0,1.5
1783006391271,2026-07-02 17:33:11.271,C3:00:00:63:4D:0D,-55,127,1.5,2.0,1.5
1783006391315,2026-07-02 17:33:11.315,C3:00:00:63:4D:0D,-63,127,1.5,2.0,1.5
1783006391381,2026-07-02 17:33:11.381,C3:00:00:63:4D:0D,-54,127,1.5,2.0,1.5
1783006391477,2026-07-02 17:33:11.477,C3:00:00:63:4D:0D,-58,127,1.5,2.0,1.5
1783006391580,2026-07-02 17:33:11.580,C3:00:00:63:4D:0D,-55,127,1.5,2.0,1.5
1783006391600,2026-07-02 17:33:11.600,C3:00:00:63:4D:0D,-55,127,1.5,2.0,1.5
1783006391687,2026-07-02 17:33:11.687,C3:00:00:63:4D:0D,-54,127,1.5,2.0,1.5
1783006391790,2026-07-02 17:33:11.790,C3:00:00:63:4D:0D,-58,127,1.5,2.0,1.5
1783006391902,2026-07-02 17:33:11.902,C3:00:00:63:4D:0D,-54,127,1.5,2.0,1.5
1783006391919,2026-07-02 17:33:11.919,C3:00:00:63:4D:0D,-55,127,1.5,2.0,1.5
1783006392006,2026-07-02 17:33:12.006,C3:00:00:63:4D:0D,-54,127,1.5,2.0,1.5
1783006392104,2026-07-02 17:33:12.104,C3:00:00:63:4D:0D,-57,127,1.5,2.0,1.5
1783006392215,2026-07-02 17:33:12.215,C3:00:00:63:4D:0D,-54,127,1.5,2.0,1.5
1783006392317,2026-07-02 17:33:12.317,C3:00:00:63:4D:0D,-54,127,1.5,2.0,1.5
1783006392430,2026-07-02 17:33:12.430,C3:00:00:63:4D:0D,-58,127,1.5,2.0,1.5
1783006392529,2026-07-02 17:33:12.529,C3:00:00:63:4D:0D,-54,127,1.5,2.0,1.5
1783006392631,2026-07-02 17:33:12.631,C3:00:00:63:4D:0D,-54,127,1.5,2.0,1.5
1783006392741,2026-07-02 17:33:12.741,C3:00:00:63:4D:0D,-59,127,1.5,2.0,1.5
1783006392945,2026-07-02 17:33:12.945,C3:00:00:63:4D:0D,-54,127,1.5,2.0,1.5
1783006393055,2026-07-02 17:33:13.055,C3:00:00:63:4D:0D,-58,127,1.5,2.0,1.5
1783006393161,2026-07-02 17:33:13.161,C3:00:00:63:4D:0D,-54,127,1.5,2.0,1.5
1783006393265,2026-07-02 17:33:13.265,C3:00:00:63:4D:0D,-54,127,1.5,2.0,1.5
1783006393370,2026-07-02 17:33:13.370,C3:00:00:63:4D:0D,-54,127,1.5,2.0,1.5
1783006393481,2026-07-02 17:33:13.481,C3:00:00:63:4D:0D,-54,127,1.5,2.0,1.5
1783006393562,2026-07-02 17:33:13.562,C3:00:00:63:4D:0D,-54,127,1.5,2.0,1.5
1783006393587,2026-07-02 17:33:13.587,C3:00:00:63:4D:0D,-58,127,1.5,2.0,1.5
1783006393603,2026-07-02 17:33:13.603,C3:00:00:63:4D:0D,-58,127,1.5,2.0,1.5
1783006393791,2026-07-02 17:33:13.791,C3:00:00:63:4D:0D,-54,127,1.5,2.0,1.5
1783006393890,2026-07-02 17:33:13.890,C3:00:00:63:4D:0D,-58,127,1.5,2.0,1.5
1783006394005,2026-07-02 17:33:14.005,C3:00:00:63:4D:0D,-54,127,1.5,2.0,1.5
1783006394098,2026-07-02 17:33:14.098,C3:00:00:63:4D:0D,-54,127,1.5,2.0,1.5
1783006394210,2026-07-02 17:33:14.210,C3:00:00:63:4D:0D,-58,127,1.5,2.0,1.5
1783006394311,2026-07-02 17:33:14.311,C3:00:00:63:4D:0D,-54,127,1.5,2.0,1.5
1783006394419,2026-07-02 17:33:14.419,C3:00:00:63:4D:0D,-54,127,1.5,2.0,1.5
1783006394636,2026-07-02 17:33:14.636,C3:00:00:63:4D:0D,-54,127,1.5,2.0,1.5
1783006394838,2026-07-02 17:33:14.838,C3:00:00:63:4D:0D,-59,127,1.5,2.0,1.5
1783006394937,2026-07-02 17:33:14.937,C3:00:00:63:4D:0D,-54,127,1.5,2.0,1.5
1783006395047,2026-07-02 17:33:15.047,C3:00:00:63:4D:0D,-54,127,1.5,2.0,1.5
1783006395159,2026-07-02 17:33:15.159,C3:00:00:63:4D:0D,-59,127,1.5,2.0,1.5
1783006395253,2026-07-02 17:33:15.253,C3:00:00:63:4D:0D,-54,127,1.5,2.0,1.5
1783006395323,2026-07-02 17:33:15.323,C3:00:00:63:4D:0D,-62,127,1.5,2.0,1.5
1783006395469,2026-07-02 17:33:15.469,C3:00:00:63:4D:0D,-59,127,1.5,2.0,1.5
1783006395574,2026-07-02 17:33:15.574,C3:00:00:63:4D:0D,-54,127,1.5,2.0,1.5
1783006395675,2026-07-02 17:33:15.675,C3:00:00:63:4D:0D,-60,127,1.5,2.0,1.5
1783006395779,2026-07-02 17:33:15.779,C3:00:00:63:4D:0D,-53,127,1.5,2.0,1.5
1783006395917,2026-07-02 17:33:15.917,C3:00:00:63:4D:0D,-55,127,1.5,2.0,1.5
1783006395986,2026-07-02 17:33:15.986,C3:00:00:63:4D:0D,-60,127,1.5,2.0,1.5
1783006396099,2026-07-02 17:33:16.099,C3:00:00:63:4D:0D,-54,127,1.5,2.0,1.5
1783006396208,2026-07-02 17:33:16.208,C3:00:00:63:4D:0D,-54,127,1.5,2.0,1.5
1783006396513,2026-07-02 17:33:16.513,C3:00:00:63:4D:0D,-54,127,1.5,2.0,1.5
1783006396624,2026-07-02 17:33:16.624,C3:00:00:63:4D:0D,-60,127,1.5,2.0,1.5
1783006396826,2026-07-02 17:33:16.826,C3:00:00:63:4D:0D,-54,127,1.5,2.0,1.5
1783006396932,2026-07-02 17:33:16.932,C3:00:00:63:4D:0D,-60,127,1.5,2.0,1.5
1783006397043,2026-07-02 17:33:17.043,C3:00:00:63:4D:0D,-54,127,1.5,2.0,1.5
1783006397358,2026-07-02 17:33:17.358,C3:00:00:63:4D:0D,-54,127,1.5,2.0,1.5
1783006397460,2026-07-02 17:33:17.460,C3:00:00:63:4D:0D,-54,127,1.5,2.0,1.5
1783006397563,2026-07-02 17:33:17.563,C3:00:00:63:4D:0D,-59,127,1.5,2.0,1.5
1783006397583,2026-07-02 17:33:17.583,C3:00:00:63:4D:0D,-54,127,1.5,2.0,1.5
1783006397625,2026-07-02 17:33:17.625,C3:00:00:63:4D:0D,-54,127,1.5,2.0,1.5
1783006397669,2026-07-02 17:33:17.669,C3:00:00:63:4D:0D,-55,127,1.5,2.0,1.5
1783006397768,2026-07-02 17:33:17.768,C3:00:00:63:4D:0D,-59,127,1.5,2.0,1.5
1783006397880,2026-07-02 17:33:17.880,C3:00:00:63:4D:0D,-54,127,1.5,2.0,1.5
1783006397932,2026-07-02 17:33:17.932,C3:00:00:63:4D:0D,-54,127,1.5,2.0,1.5
1783006398086,2026-07-02 17:33:18.086,C3:00:00:63:4D:0D,-60,127,1.5,2.0,1.5
1783006398306,2026-07-02 17:33:18.306,C3:00:00:63:4D:0D,-54,127,1.5,2.0,1.5
1783006398616,2026-07-02 17:33:18.616,C3:00:00:63:4D:0D,-54,127,1.5,2.0,1.5
1783006398727,2026-07-02 17:33:18.727,C3:00:00:63:4D:0D,-58,127,1.5,2.0,1.5
1783006398830,2026-07-02 17:33:18.830,C3:00:00:63:4D:0D,-54,127,1.5,2.0,1.5
1783006398926,2026-07-02 17:33:18.926,C3:00:00:63:4D:0D,-54,127,1.5,2.0,1.5
1783006399027,2026-07-02 17:33:19.027,C3:00:00:63:4D:0D,-57,127,1.5,2.0,1.5
1783006399247,2026-07-02 17:33:19.247,C3:00:00:63:4D:0D,-54,127,1.5,2.0,1.5
1783006399330,2026-07-02 17:33:19.330,C3:00:00:63:4D:0D,-66,127,1.5,2.0,1.5
1783006399355,2026-07-02 17:33:19.355,C3:00:00:63:4D:0D,-58,127,1.5,2.0,1.5
1783006399566,2026-07-02 17:33:19.566,C3:00:00:63:4D:0D,-55,127,1.5,2.0,1.5
1783006399622,2026-07-02 17:33:19.622,C3:00:00:63:4D:0D,-58,127,1.5,2.0,1.5
1783006399669,2026-07-02 17:33:19.669,C3:00:00:63:4D:0D,-54,127,1.5,2.0,1.5
1783006399879,2026-07-02 17:33:19.879,C3:00:00:63:4D:0D,-58,127,1.5,2.0,1.5
1783006399937,2026-07-02 17:33:19.937,C3:00:00:63:4D:0D,-58,127,1.5,2.0,1.5
1783006399972,2026-07-02 17:33:19.972,C3:00:00:63:4D:0D,-54,127,1.5,2.0,1.5
1783006400085,2026-07-02 17:33:20.085,C3:00:00:63:4D:0D,-55,127,1.5,2.0,1.5
1783006400193,2026-07-02 17:33:20.193,C3:00:00:63:4D:0D,-58,127,1.5,2.0,1.5
1783006400400,2026-07-02 17:33:20.400,C3:00:00:63:4D:0D,-55,127,1.5,2.0,1.5
1783006400499,2026-07-02 17:33:20.499,C3:00:00:63:4D:0D,-58,127,1.5,2.0,1.5
1783006400619,2026-07-02 17:33:20.619,C3:00:00:63:4D:0D,-54,127,1.5,2.0,1.5
1783006400712,2026-07-02 17:33:20.712,C3:00:00:63:4D:0D,-54,127,1.5,2.0,1.5
1783006400826,2026-07-02 17:33:20.826,C3:00:00:63:4D:0D,-58,127,1.5,2.0,1.5
1783006400923,2026-07-02 17:33:20.923,C3:00:00:63:4D:0D,-54,127,1.5,2.0,1.5
1783006401031,2026-07-02 17:33:21.031,C3:00:00:63:4D:0D,-54,127,1.5,2.0,1.5
1783006401235,2026-07-02 17:33:21.235,C3:00:00:63:4D:0D,-54,127,1.5,2.0,1.5
1783006401452,2026-07-02 17:33:21.452,C3:00:00:63:4D:0D,-58,127,1.5,2.0,1.5
1783006401551,2026-07-02 17:33:21.551,C3:00:00:63:4D:0D,-54,127,1.5,2.0,1.5
1783006401576,2026-07-02 17:33:21.576,C3:00:00:63:4D:0D,-54,127,1.5,2.0,1.5
1783006401643,2026-07-02 17:33:21.643,C3:00:00:63:4D:0D,-54,127,1.5,2.0,1.5
1783006401661,2026-07-02 17:33:21.661,C3:00:00:63:4D:0D,-54,127,1.5,2.0,1.5
1783006401769,2026-07-02 17:33:21.769,C3:00:00:63:4D:0D,-54,127,1.5,2.0,1.5
1783006401872,2026-07-02 17:33:21.872,C3:00:00:63:4D:0D,-54,127,1.5,2.0,1.5
1783006402084,2026-07-02 17:33:22.084,C3:00:00:63:4D:0D,-54,127,1.5,2.0,1.5
1783006402189,2026-07-02 17:33:22.189,C3:00:00:63:4D:0D,-54,127,1.5,2.0,1.5
1783006402290,2026-07-02 17:33:22.290,C3:00:00:63:4D:0D,-58,127,1.5,2.0,1.5
1783006402399,2026-07-02 17:33:22.399,C3:00:00:63:4D:0D,-53,127,1.5,2.0,1.5
1783006402495,2026-07-02 17:33:22.495,C3:00:00:63:4D:0D,-54,127,1.5,2.0,1.5
1783006402599,2026-07-02 17:33:22.599,C3:00:00:63:4D:0D,-58,127,1.5,2.0,1.5
1783006402706,2026-07-02 17:33:22.706,C3:00:00:63:4D:0D,-54,127,1.5,2.0,1.5
1783006402814,2026-07-02 17:33:22.814,C3:00:00:63:4D:0D,-54,127,1.5,2.0,1.5
1783006402921,2026-07-02 17:33:22.921,C3:00:00:63:4D:0D,-58,127,1.5,2.0,1.5
1783006403021,2026-07-02 17:33:23.021,C3:00:00:63:4D:0D,-54,127,1.5,2.0,1.5
1783006403135,2026-07-02 17:33:23.135,C3:00:00:63:4D:0D,-54,127,1.5,2.0,1.5
1783006403244,2026-07-02 17:33:23.244,C3:00:00:63:4D:0D,-58,127,1.5,2.0,1.5
1783006403358,2026-07-02 17:33:23.358,C3:00:00:63:4D:0D,-62,127,1.5,2.0,1.5
1783006403440,2026-07-02 17:33:23.440,C3:00:00:63:4D:0D,-54,127,1.5,2.0,1.5
1783006403648,2026-07-02 17:33:23.648,C3:00:00:63:4D:0D,-54,127,1.5,2.0,1.5
1783006403675,2026-07-02 17:33:23.675,C3:00:00:63:4D:0D,-54,127,1.5,2.0,1.5
1783006403759,2026-07-02 17:33:23.759,C3:00:00:63:4D:0D,-54,127,1.5,2.0,1.5
1783006403874,2026-07-02 17:33:23.874,C3:00:00:63:4D:0D,-58,127,1.5,2.0,1.5
1783006403951,2026-07-02 17:33:23.951,C3:00:00:63:4D:0D,-54,127,1.5,2.0,1.5
1783006403976,2026-07-02 17:33:23.976,C3:00:00:63:4D:0D,-54,127,1.5,2.0,1.5
1783006404075,2026-07-02 17:33:24.075,C3:00:00:63:4D:0D,-58,127,1.5,2.0,1.5
1783006404289,2026-07-02 17:33:24.289,C3:00:00:63:4D:0D,-54,127,1.5,2.0,1.5
1783006404389,2026-07-02 17:33:24.389,C3:00:00:63:4D:0D,-58,127,1.5,2.0,1.5
1783006404491,2026-07-02 17:33:24.491,C3:00:00:63:4D:0D,-55,127,1.5,2.0,1.5
1783006404601,2026-07-02 17:33:24.601,C3:00:00:63:4D:0D,-54,127,1.5,2.0,1.5
1783006404723,2026-07-02 17:33:24.723,C3:00:00:63:4D:0D,-58,127,1.5,2.0,1.5
1783006404814,2026-07-02 17:33:24.814,C3:00:00:63:4D:0D,-55,127,1.5,2.0,1.5
1783006404916,2026-07-02 17:33:24.916,C3:00:00:63:4D:0D,-54,127,1.5,2.0,1.5
1783006405015,2026-07-02 17:33:25.015,C3:00:00:63:4D:0D,-58,127,1.5,2.0,1.5
1783006405133,2026-07-02 17:33:25.133,C3:00:00:63:4D:0D,-55,127,1.5,2.0,1.5
1783006405235,2026-07-02 17:33:25.235,C3:00:00:63:4D:0D,-54,127,1.5,2.0,1.5
1783006405329,2026-07-02 17:33:25.329,C3:00:00:63:4D:0D,-58,127,1.5,2.0,1.5
1783006405436,2026-07-02 17:33:25.436,C3:00:00:63:4D:0D,-55,127,1.5,2.0,1.5
1783006405545,2026-07-02 17:33:25.545,C3:00:00:63:4D:0D,-54,127,1.5,2.0,1.5
1783006405575,2026-07-02 17:33:25.575,C3:00:00:63:4D:0D,-58,127,1.5,2.0,1.5
1783006405646,2026-07-02 17:33:25.646,C3:00:00:63:4D:0D,-58,127,1.5,2.0,1.5
1783006405663,2026-07-02 17:33:25.663,C3:00:00:63:4D:0D,-55,127,1.5,2.0,1.5
1783006405755,2026-07-02 17:33:25.755,C3:00:00:63:4D:0D,-55,127,1.5,2.0,1.5
1783006405860,2026-07-02 17:33:25.860,C3:00:00:63:4D:0D,-54,127,1.5,2.0,1.5
1783006405956,2026-07-02 17:33:25.956,C3:00:00:63:4D:0D,-58,127,1.5,2.0,1.5
1783006405984,2026-07-02 17:33:25.984,C3:00:00:63:4D:0D,-55,127,1.5,2.0,1.5
1783006406068,2026-07-02 17:33:26.068,C3:00:00:63:4D:0D,-54,127,1.5,2.0,1.5
1783006406279,2026-07-02 17:33:26.279,C3:00:00:63:4D:0D,-54,127,1.5,2.0,1.5
1783006406386,2026-07-02 17:33:26.386,C3:00:00:63:4D:0D,-53,127,1.5,2.0,1.5
1783006406489,2026-07-02 17:33:26.489,C3:00:00:63:4D:0D,-58,127,1.5,2.0,1.5
1783006406703,2026-07-02 17:33:26.703,C3:00:00:63:4D:0D,-54,127,1.5,2.0,1.5
1783006406802,2026-07-02 17:33:26.802,C3:00:00:63:4D:0D,-58,127,1.5,2.0,1.5
1783006406926,2026-07-02 17:33:26.926,C3:00:00:63:4D:0D,-54,127,1.5,2.0,1.5
1783006407017,2026-07-02 17:33:27.017,C3:00:00:63:4D:0D,-54,127,1.5,2.0,1.5
1783006407223,2026-07-02 17:33:27.223,C3:00:00:63:4D:0D,-54,127,1.5,2.0,1.5
1783006407335,2026-07-02 17:33:27.335,C3:00:00:63:4D:0D,-54,127,1.5,2.0,1.5
1783006407438,2026-07-02 17:33:27.438,C3:00:00:63:4D:0D,-57,127,1.5,2.0,1.5
1783006407667,2026-07-02 17:33:27.667,C3:00:00:63:4D:0D,-58,127,1.5,2.0,1.5
1783006407749,2026-07-02 17:33:27.749,C3:00:00:63:4D:0D,-60,127,1.5,2.0,1.5
1783006407972,2026-07-02 17:33:27.972,C3:00:00:63:4D:0D,-54,127,1.5,2.0,1.5
1783006407981,2026-07-02 17:33:27.981,C3:00:00:63:4D:0D,-58,127,1.5,2.0,1.5
1783006408176,2026-07-02 17:33:28.176,C3:00:00:63:4D:0D,-54,127,1.5,2.0,1.5
1783006408273,2026-07-02 17:33:28.273,C3:00:00:63:4D:0D,-58,127,1.5,2.0,1.5
1783006408377,2026-07-02 17:33:28.377,C3:00:00:63:4D:0D,-55,127,1.5,2.0,1.5
1783006408597,2026-07-02 17:33:28.597,C3:00:00:63:4D:0D,-57,127,1.5,2.0,1.5
1783006408901,2026-07-02 17:33:28.901,C3:00:00:63:4D:0D,-57,127,1.5,2.0,1.5
1783006409016,2026-07-02 17:33:29.016,C3:00:00:63:4D:0D,-55,127,1.5,2.0,1.5
1783006409220,2026-07-02 17:33:29.220,C3:00:00:63:4D:0D,-57,127,1.5,2.0,1.5
1783006409435,2026-07-02 17:33:29.435,C3:00:00:63:4D:0D,-54,127,1.5,2.0,1.5
1783006409648,2026-07-02 17:33:29.648,C3:00:00:63:4D:0D,-55,127,1.5,2.0,1.5
1783006409677,2026-07-02 17:33:29.677,C3:00:00:63:4D:0D,-54,127,1.5,2.0,1.5
1783006409756,2026-07-02 17:33:29.756,C3:00:00:63:4D:0D,-54,127,1.5,2.0,1.5
1783006409848,2026-07-02 17:33:29.848,C3:00:00:63:4D:0D,-57,127,1.5,2.0,1.5
1783006409975,2026-07-02 17:33:29.975,C3:00:00:63:4D:0D,-54,127,1.5,2.0,1.5
1783006410061,2026-07-02 17:33:30.061,C3:00:00:63:4D:0D,-54,127,1.5,2.0,1.5
1783006410169,2026-07-02 17:33:30.169,C3:00:00:63:4D:0D,-54,127,1.5,2.0,1.5
1783006410282,2026-07-02 17:33:30.282,C3:00:00:63:4D:0D,-54,127,1.5,2.0,1.5
1783006410482,2026-07-02 17:33:30.482,C3:00:00:63:4D:0D,-54,127,1.5,2.0,1.5
1783006410582,2026-07-02 17:33:30.582,C3:00:00:63:4D:0D,-54,127,1.5,2.0,1.5
1783006410689,2026-07-02 17:33:30.689,C3:00:00:63:4D:0D,-58,127,1.5,2.0,1.5
1783006410791,2026-07-02 17:33:30.791,C3:00:00:63:4D:0D,-54,127,1.5,2.0,1.5
1783006410898,2026-07-02 17:33:30.898,C3:00:00:63:4D:0D,-54,127,1.5,2.0,1.5
1783006411003,2026-07-02 17:33:31.003,C3:00:00:63:4D:0D,-58,127,1.5,2.0,1.5
1783006411112,2026-07-02 17:33:31.112,C3:00:00:63:4D:0D,-54,127,1.5,2.0,1.5
1783006411216,2026-07-02 17:33:31.216,C3:00:00:63:4D:0D,-54,127,1.5,2.0,1.5
1783006411327,2026-07-02 17:33:31.327,C3:00:00:63:4D:0D,-58,127,1.5,2.0,1.5
1783006411424,2026-07-02 17:33:31.424,C3:00:00:63:4D:0D,-55,127,1.5,2.0,1.5
1783006411531,2026-07-02 17:33:31.531,C3:00:00:63:4D:0D,-54,127,1.5,2.0,1.5
1783006411636,2026-07-02 17:33:31.636,C3:00:00:63:4D:0D,-58,127,1.5,2.0,1.5
1783006411691,2026-07-02 17:33:31.691,C3:00:00:63:4D:0D,-55,127,1.5,2.0,1.5
1783006411739,2026-07-02 17:33:31.739,C3:00:00:63:4D:0D,-54,127,1.5,2.0,1.5
1783006411841,2026-07-02 17:33:31.841,C3:00:00:63:4D:0D,-54,127,1.5,2.0,1.5
1783006411947,2026-07-02 17:33:31.947,C3:00:00:63:4D:0D,-58,127,1.5,2.0,1.5
1783006411980,2026-07-02 17:33:31.980,C3:00:00:63:4D:0D,-55,127,1.5,2.0,1.5
1783006412053,2026-07-02 17:33:32.053,C3:00:00:63:4D:0D,-55,127,1.5,2.0,1.5
1783006412261,2026-07-02 17:33:32.261,C3:00:00:63:4D:0D,-58,127,1.5,2.0,1.5
1783006412373,2026-07-02 17:33:32.373,C3:00:00:63:4D:0D,-54,127,1.5,2.0,1.5
1783006412484,2026-07-02 17:33:32.484,C3:00:00:63:4D:0D,-58,127,1.5,2.0,1.5
1783006412583,2026-07-02 17:33:32.583,C3:00:00:63:4D:0D,-55,127,1.5,2.0,1.5
1783006412692,2026-07-02 17:33:32.692,C3:00:00:63:4D:0D,-54,127,1.5,2.0,1.5
1783006412787,2026-07-02 17:33:32.787,C3:00:00:63:4D:0D,-58,127,1.5,2.0,1.5
1783006412900,2026-07-02 17:33:32.900,C3:00:00:63:4D:0D,-54,127,1.5,2.0,1.5
1783006413008,2026-07-02 17:33:33.008,C3:00:00:63:4D:0D,-54,127,1.5,2.0,1.5
1783006413107,2026-07-02 17:33:33.107,C3:00:00:63:4D:0D,-58,127,1.5,2.0,1.5
1783006413214,2026-07-02 17:33:33.214,C3:00:00:63:4D:0D,-55,127,1.5,2.0,1.5
1783006413316,2026-07-02 17:33:33.316,C3:00:00:63:4D:0D,-54,127,1.5,2.0,1.5
1783006413420,2026-07-02 17:33:33.420,C3:00:00:63:4D:0D,-58,127,1.5,2.0,1.5
1783006413530,2026-07-02 17:33:33.530,C3:00:00:63:4D:0D,-55,127,1.5,2.0,1.5
1783006413592,2026-07-02 17:33:33.592,C3:00:00:63:4D:0D,-54,127,1.5,2.0,1.5
1783006413636,2026-07-02 17:33:33.636,C3:00:00:63:4D:0D,-54,127,1.5,2.0,1.5
1783006413696,2026-07-02 17:33:33.696,C3:00:00:63:4D:0D,-58,127,1.5,2.0,1.5
1783006413732,2026-07-02 17:33:33.732,C3:00:00:63:4D:0D,-58,127,1.5,2.0,1.5
1783006413838,2026-07-02 17:33:33.838,C3:00:00:63:4D:0D,-54,127,1.5,2.0,1.5
1783006413990,2026-07-02 17:33:33.990,C3:00:00:63:4D:0D,-59,127,1.5,2.0,1.5
1783006414048,2026-07-02 17:33:34.048,C3:00:00:63:4D:0D,-59,127,1.5,2.0,1.5
1783006414164,2026-07-02 17:33:34.164,C3:00:00:63:4D:0D,-54,127,1.5,2.0,1.5
1783006414366,2026-07-02 17:33:34.366,C3:00:00:63:4D:0D,-54,127,1.5,2.0,1.5
1783006414478,2026-07-02 17:33:34.478,C3:00:00:63:4D:0D,-55,127,1.5,2.0,1.5
1783006414576,2026-07-02 17:33:34.576,C3:00:00:63:4D:0D,-59,127,1.5,2.0,1.5
1783006414675,2026-07-02 17:33:34.675,C3:00:00:63:4D:0D,-54,127,1.5,2.0,1.5
1783006414780,2026-07-02 17:33:34.780,C3:00:00:63:4D:0D,-55,127,1.5,2.0,1.5
1783006414888,2026-07-02 17:33:34.888,C3:00:00:63:4D:0D,-59,127,1.5,2.0,1.5
1783006414996,2026-07-02 17:33:34.996,C3:00:00:63:4D:0D,-54,127,1.5,2.0,1.5
1783006415207,2026-07-02 17:33:35.207,C3:00:00:63:4D:0D,-59,127,1.5,2.0,1.5
1783006415371,2026-07-02 17:33:35.371,C3:00:00:63:4D:0D,-62,127,1.5,2.0,1.5
1783006415418,2026-07-02 17:33:35.418,C3:00:00:63:4D:0D,-54,127,1.5,2.0,1.5
1783006415533,2026-07-02 17:33:35.533,C3:00:00:63:4D:0D,-59,127,1.5,2.0,1.5
1783006415621,2026-07-02 17:33:35.621,C3:00:00:63:4D:0D,-54,127,1.5,2.0,1.5
1783006415701,2026-07-02 17:33:35.701,C3:00:00:63:4D:0D,-54,127,1.5,2.0,1.5
1783006415739,2026-07-02 17:33:35.739,C3:00:00:63:4D:0D,-54,127,1.5,2.0,1.5
1783006415840,2026-07-02 17:33:35.840,C3:00:00:63:4D:0D,-59,127,1.5,2.0,1.5
1783006415943,2026-07-02 17:33:35.943,C3:00:00:63:4D:0D,-54,127,1.5,2.0,1.5
1783006416154,2026-07-02 17:33:36.154,C3:00:00:63:4D:0D,-60,127,1.5,2.0,1.5
1783006416256,2026-07-02 17:33:36.256,C3:00:00:63:4D:0D,-54,127,1.5,2.0,1.5
1783006416572,2026-07-02 17:33:36.572,C3:00:00:63:4D:0D,-54,127,1.5,2.0,1.5
1783006416684,2026-07-02 17:33:36.684,C3:00:00:63:4D:0D,-60,127,1.5,2.0,1.5
1783006416776,2026-07-02 17:33:36.776,C3:00:00:63:4D:0D,-53,127,1.5,2.0,1.5
1783006416987,2026-07-02 17:33:36.987,C3:00:00:63:4D:0D,-60,127,1.5,2.0,1.5
1783006417094,2026-07-02 17:33:37.094,C3:00:00:63:4D:0D,-53,127,1.5,2.0,1.5
1783006417198,2026-07-02 17:33:37.198,C3:00:00:63:4D:0D,-53,127,1.5,2.0,1.5
1783006417303,2026-07-02 17:33:37.303,C3:00:00:63:4D:0D,-60,127,1.5,2.0,1.5
1783006417422,2026-07-02 17:33:37.422,C3:00:00:63:4D:0D,-54,127,1.5,2.0,1.5
1783006417518,2026-07-02 17:33:37.518,C3:00:00:63:4D:0D,-54,127,1.5,2.0,1.5
1783006417601,2026-07-02 17:33:37.601,C3:00:00:63:4D:0D,-60,127,1.5,2.0,1.5
1783006417615,2026-07-02 17:33:37.615,C3:00:00:63:4D:0D,-60,127,1.5,2.0,1.5
1783006417713,2026-07-02 17:33:37.713,C3:00:00:63:4D:0D,-54,127,1.5,2.0,1.5
1783006417834,2026-07-02 17:33:37.834,C3:00:00:63:4D:0D,-54,127,1.5,2.0,1.5
1783006417935,2026-07-02 17:33:37.935,C3:00:00:63:4D:0D,-60,127,1.5,2.0,1.5
1783006418009,2026-07-02 17:33:38.009,C3:00:00:63:4D:0D,-53,127,1.5,2.0,1.5
1783006418035,2026-07-02 17:33:38.035,C3:00:00:63:4D:0D,-53,127,1.5,2.0,1.5
1783006418143,2026-07-02 17:33:38.143,C3:00:00:63:4D:0D,-53,127,1.5,2.0,1.5
1783006418566,2026-07-02 17:33:38.566,C3:00:00:63:4D:0D,-56,127,1.5,2.0,1.5
1783006418682,2026-07-02 17:33:38.682,C3:00:00:63:4D:0D,-54,127,1.5,2.0,1.5
1783006418776,2026-07-02 17:33:38.776,C3:00:00:63:4D:0D,-60,127,1.5,2.0,1.5
1783006418882,2026-07-02 17:33:38.882,C3:00:00:63:4D:0D,-54,127,1.5,2.0,1.5
1783006418989,2026-07-02 17:33:38.989,C3:00:00:63:4D:0D,-54,127,1.5,2.0,1.5
1783006419197,2026-07-02 17:33:39.197,C3:00:00:63:4D:0D,-54,127,1.5,2.0,1.5
1783006419295,2026-07-02 17:33:39.295,C3:00:00:63:4D:0D,-54,127,1.5,2.0,1.5
1783006419378,2026-07-02 17:33:39.378,C3:00:00:63:4D:0D,-67,127,1.5,2.0,1.5
1783006419406,2026-07-02 17:33:39.406,C3:00:00:63:4D:0D,-60,127,1.5,2.0,1.5
1783006419503,2026-07-02 17:33:39.503,C3:00:00:63:4D:0D,-54,127,1.5,2.0,1.5
1783006419616,2026-07-02 17:33:39.616,C3:00:00:63:4D:0D,-54,127,1.5,2.0,1.5
1783006419720,2026-07-02 17:33:39.720,C3:00:00:63:4D:0D,-59,127,1.5,2.0,1.5
1783006419734,2026-07-02 17:33:39.734,C3:00:00:63:4D:0D,-60,127,1.5,2.0,1.5
1783006419931,2026-07-02 17:33:39.931,C3:00:00:63:4D:0D,-54,127,1.5,2.0,1.5
1783006420011,2026-07-02 17:33:40.011,C3:00:00:63:4D:0D,-60,127,1.5,2.0,1.5
1783006420032,2026-07-02 17:33:40.032,C3:00:00:63:4D:0D,-59,127,1.5,2.0,1.5
1783006420141,2026-07-02 17:33:40.141,C3:00:00:63:4D:0D,-54,127,1.5,2.0,1.5
1783006420246,2026-07-02 17:33:40.246,C3:00:00:63:4D:0D,-54,127,1.5,2.0,1.5
1783006420349,2026-07-02 17:33:40.349,C3:00:00:63:4D:0D,-59,127,1.5,2.0,1.5
1783006420449,2026-07-02 17:33:40.449,C3:00:00:63:4D:0D,-54,127,1.5,2.0,1.5
1783006420557,2026-07-02 17:33:40.557,C3:00:00:63:4D:0D,-54,127,1.5,2.0,1.5
1783006420667,2026-07-02 17:33:40.667,C3:00:00:63:4D:0D,-54,127,1.5,2.0,1.5
1783006420776,2026-07-02 17:33:40.776,C3:00:00:63:4D:0D,-54,127,1.5,2.0,1.5
1783006420867,2026-07-02 17:33:40.867,C3:00:00:63:4D:0D,-60,127,1.5,2.0,1.5
1783006420989,2026-07-02 17:33:40.989,C3:00:00:63:4D:0D,-53,127,1.5,2.0,1.5
1783006421082,2026-07-02 17:33:41.082,C3:00:00:63:4D:0D,-54,127,1.5,2.0,1.5
1783006421186,2026-07-02 17:33:41.186,C3:00:00:63:4D:0D,-59,127,1.5,2.0,1.5
1783006421607,2026-07-02 17:33:41.607,C3:00:00:63:4D:0D,-53,127,1.5,2.0,1.5
1783006421819,2026-07-02 17:33:41.819,C3:00:00:63:4D:0D,-60,127,1.5,2.0,1.5
1783006422016,2026-07-02 17:33:42.016,C3:00:00:63:4D:0D,-53,127,1.5,2.0,1.5
1783006422138,2026-07-02 17:33:42.138,C3:00:00:63:4D:0D,-59,127,1.5,2.0,1.5
1783006422343,2026-07-02 17:33:42.343,C3:00:00:63:4D:0D,-54,127,1.5,2.0,1.5
1783006422446,2026-07-02 17:33:42.446,C3:00:00:63:4D:0D,-59,127,1.5,2.0,1.5
1783006422557,2026-07-02 17:33:42.557,C3:00:00:63:4D:0D,-53,127,1.5,2.0,1.5
1783006422867,2026-07-02 17:33:42.867,C3:00:00:63:4D:0D,-54,127,1.5,2.0,1.5
1783006422978,2026-07-02 17:33:42.978,C3:00:00:63:4D:0D,-60,127,1.5,2.0,1.5
1783006423081,2026-07-02 17:33:43.081,C3:00:00:63:4D:0D,-54,127,1.5,2.0,1.5
1783006423185,2026-07-02 17:33:43.185,C3:00:00:63:4D:0D,-54,127,1.5,2.0,1.5
1783006423294,2026-07-02 17:33:43.294,C3:00:00:63:4D:0D,-59,127,1.5,2.0,1.5
1783006423386,2026-07-02 17:33:43.386,C3:00:00:63:4D:0D,-61,127,1.5,2.0,1.5
1783006423417,2026-07-02 17:33:43.417,C3:00:00:63:4D:0D,-54,127,1.5,2.0,1.5
1783006423503,2026-07-02 17:33:43.503,C3:00:00:63:4D:0D,-54,127,1.5,2.0,1.5
1783006423743,2026-07-02 17:33:43.743,C3:00:00:63:4D:0D,-54,127,1.5,2.0,1.5
1783006423818,2026-07-02 17:33:43.818,C3:00:00:63:4D:0D,-54,127,1.5,2.0,1.5
1783006423922,2026-07-02 17:33:43.922,C3:00:00:63:4D:0D,-60,127,1.5,2.0,1.5
1783006424134,2026-07-02 17:33:44.134,C3:00:00:63:4D:0D,-53,127,1.5,2.0,1.5
1783006424228,2026-07-02 17:33:44.228,C3:00:00:63:4D:0D,-60,127,1.5,2.0,1.5
1783006424337,2026-07-02 17:33:44.337,C3:00:00:63:4D:0D,-53,127,1.5,2.0,1.5
1783006424448,2026-07-02 17:33:44.448,C3:00:00:63:4D:0D,-54,127,1.5,2.0,1.5
1783006424661,2026-07-02 17:33:44.661,C3:00:00:63:4D:0D,-54,127,1.5,2.0,1.5
1783006424868,2026-07-02 17:33:44.868,C3:00:00:63:4D:0D,-59,127,1.5,2.0,1.5
1783006424975,2026-07-02 17:33:44.975,C3:00:00:63:4D:0D,-54,127,1.5,2.0,1.5
1783006425070,2026-07-02 17:33:45.070,C3:00:00:63:4D:0D,-59,127,1.5,2.0,1.5
1783006425186,2026-07-02 17:33:45.186,C3:00:00:63:4D:0D,-54,127,1.5,2.0,1.5
1783006425390,2026-07-02 17:33:45.390,C3:00:00:63:4D:0D,-60,127,1.5,2.0,1.5
1783006425494,2026-07-02 17:33:45.494,C3:00:00:63:4D:0D,-53,127,1.5,2.0,1.5
1783006425601,2026-07-02 17:33:45.601,C3:00:00:63:4D:0D,-54,127,1.5,2.0,1.5
1783006425626,2026-07-02 17:33:45.626,C3:00:00:63:4D:0D,-54,127,1.5,2.0,1.5
1783006425704,2026-07-02 17:33:45.704,C3:00:00:63:4D:0D,-60,127,1.5,2.0,1.5
1783006425748,2026-07-02 17:33:45.748,C3:00:00:63:4D:0D,-60,127,1.5,2.0,1.5
1783006425814,2026-07-02 17:33:45.814,C3:00:00:63:4D:0D,-53,127,1.5,2.0,1.5
1783006426040,2026-07-02 17:33:46.040,C3:00:00:63:4D:0D,-59,127,1.5,2.0,1.5
1783006426042,2026-07-02 17:33:46.042,C3:00:00:63:4D:0D,-59,127,1.5,2.0,1.5
1783006426120,2026-07-02 17:33:46.120,C3:00:00:63:4D:0D,-54,127,1.5,2.0,1.5
1783006426231,2026-07-02 17:33:46.231,C3:00:00:63:4D:0D,-54,127,1.5,2.0,1.5
1783006426327,2026-07-02 17:33:46.327,C3:00:00:63:4D:0D,-59,127,1.5,2.0,1.5
1783006426449,2026-07-02 17:33:46.449,C3:00:00:63:4D:0D,-53,127,1.5,2.0,1.5
1783006426551,2026-07-02 17:33:46.551,C3:00:00:63:4D:0D,-54,127,1.5,2.0,1.5
1783006426651,2026-07-02 17:33:46.651,C3:00:00:63:4D:0D,-60,127,1.5,2.0,1.5
1783006426751,2026-07-02 17:33:46.751,C3:00:00:63:4D:0D,-54,127,1.5,2.0,1.5
1783006426867,2026-07-02 17:33:46.867,C3:00:00:63:4D:0D,-54,127,1.5,2.0,1.5
1783006426970,2026-07-02 17:33:46.970,C3:00:00:63:4D:0D,-54,127,1.5,2.0,1.5
1783006427068,2026-07-02 17:33:47.068,C3:00:00:63:4D:0D,-53,127,1.5,2.0,1.5
1783006427178,2026-07-02 17:33:47.178,C3:00:00:63:4D:0D,-59,127,1.5,2.0,1.5
1783006427275,2026-07-02 17:33:47.275,C3:00:00:63:4D:0D,-54,127,1.5,2.0,1.5
1783006427388,2026-07-02 17:33:47.388,C3:00:00:63:4D:0D,-54,127,1.5,2.0,1.5
1783006427413,2026-07-02 17:33:47.413,C3:00:00:63:4D:0D,-62,127,1.5,2.0,1.5
1783006427597,2026-07-02 17:33:47.597,C3:00:00:63:4D:0D,-54,127,1.5,2.0,1.5
1783006427761,2026-07-02 17:33:47.761,C3:00:00:63:4D:0D,-55,127,1.5,2.0,1.5
1783006427810,2026-07-02 17:33:47.810,C3:00:00:63:4D:0D,-60,127,1.5,2.0,1.5
1783006428016,2026-07-02 17:33:48.016,C3:00:00:63:4D:0D,-54,127,1.5,2.0,1.5
1783006428036,2026-07-02 17:33:48.036,C3:00:00:63:4D:0D,-55,127,1.5,2.0,1.5
1783006428227,2026-07-02 17:33:48.227,C3:00:00:63:4D:0D,-55,127,1.5,2.0,1.5
1783006428442,2026-07-02 17:33:48.442,C3:00:00:63:4D:0D,-58,127,1.5,2.0,1.5
1783006428533,2026-07-02 17:33:48.533,C3:00:00:63:4D:0D,-54,127,1.5,2.0,1.5
1783006428861,2026-07-02 17:33:48.861,C3:00:00:63:4D:0D,-54,127,1.5,2.0,1.5
1783006428964,2026-07-02 17:33:48.964,C3:00:00:63:4D:0D,-54,127,1.5,2.0,1.5
1783006429067,2026-07-02 17:33:49.067,C3:00:00:63:4D:0D,-54,127,1.5,2.0,1.5
1783006429169,2026-07-02 17:33:49.169,C3:00:00:63:4D:0D,-54,127,1.5,2.0,1.5
1783006429266,2026-07-02 17:33:49.266,C3:00:00:63:4D:0D,-58,127,1.5,2.0,1.5
1783006429380,2026-07-02 17:33:49.380,C3:00:00:63:4D:0D,-54,127,1.5,2.0,1.5
1783006429490,2026-07-02 17:33:49.490,C3:00:00:63:4D:0D,-54,127,1.5,2.0,1.5
1783006429615,2026-07-02 17:33:49.615,C3:00:00:63:4D:0D,-58,127,1.5,2.0,1.5
1783006429766,2026-07-02 17:33:49.766,C3:00:00:63:4D:0D,-54,127,1.5,2.0,1.5
1783006429801,2026-07-02 17:33:49.801,C3:00:00:63:4D:0D,-54,127,1.5,2.0,1.5
1783006429908,2026-07-02 17:33:49.908,C3:00:00:63:4D:0D,-58,127,1.5,2.0,1.5
1783006430012,2026-07-02 17:33:50.012,C3:00:00:63:4D:0D,-55,127,1.5,2.0,1.5
1783006430040,2026-07-02 17:33:50.040,C3:00:00:63:4D:0D,-56,127,1.5,2.0,1.5
1783006430119,2026-07-02 17:33:50.119,C3:00:00:63:4D:0D,-54,127,1.5,2.0,1.5
1783006430227,2026-07-02 17:33:50.227,C3:00:00:63:4D:0D,-58,127,1.5,2.0,1.5
1783006430334,2026-07-02 17:33:50.334,C3:00:00:63:4D:0D,-55,127,1.5,2.0,1.5
1783006430535,2026-07-02 17:33:50.535,C3:00:00:63:4D:0D,-58,127,1.5,2.0,1.5
1783006430636,2026-07-02 17:33:50.636,C3:00:00:63:4D:0D,-55,127,1.5,2.0,1.5
1783006430740,2026-07-02 17:33:50.740,C3:00:00:63:4D:0D,-54,127,1.5,2.0,1.5
1783006430854,2026-07-02 17:33:50.854,C3:00:00:63:4D:0D,-58,127,1.5,2.0,1.5
1783006430953,2026-07-02 17:33:50.953,C3:00:00:63:4D:0D,-55,127,1.5,2.0,1.5
1783006431154,2026-07-02 17:33:51.154,C3:00:00:63:4D:0D,-59,127,1.5,2.0,1.5
1783006431374,2026-07-02 17:33:51.374,C3:00:00:63:4D:0D,-58,127,1.5,2.0,1.5
1783006431404,2026-07-02 17:33:51.404,C3:00:00:63:4D:0D,-66,127,1.5,2.0,1.5
1783006431482,2026-07-02 17:33:51.482,C3:00:00:63:4D:0D,-55,127,1.5,2.0,1.5
1783006431585,2026-07-02 17:33:51.585,C3:00:00:63:4D:0D,-54,127,1.5,2.0,1.5
1783006431688,2026-07-02 17:33:51.688,C3:00:00:63:4D:0D,-58,127,1.5,2.0,1.5
1783006431775,2026-07-02 17:33:51.775,C3:00:00:63:4D:0D,-55,127,1.5,2.0,1.5
1783006431793,2026-07-02 17:33:51.793,C3:00:00:63:4D:0D,-55,127,1.5,2.0,1.5
1783006431899,2026-07-02 17:33:51.899,C3:00:00:63:4D:0D,-54,127,1.5,2.0,1.5
1783006432053,2026-07-02 17:33:52.053,C3:00:00:63:4D:0D,-59,127,1.5,2.0,1.5
1783006432216,2026-07-02 17:33:52.216,C3:00:00:63:4D:0D,-54,127,1.5,2.0,1.5
1783006432315,2026-07-02 17:33:52.315,C3:00:00:63:4D:0D,-58,127,1.5,2.0,1.5
1783006432539,2026-07-02 17:33:52.539,C3:00:00:63:4D:0D,-54,127,1.5,2.0,1.5
1783006432640,2026-07-02 17:33:52.640,C3:00:00:63:4D:0D,-58,127,1.5,2.0,1.5
1783006432736,2026-07-02 17:33:52.736,C3:00:00:63:4D:0D,-55,127,1.5,2.0,1.5
1783006432842,2026-07-02 17:33:52.842,C3:00:00:63:4D:0D,-54,127,1.5,2.0,1.5
1783006432952,2026-07-02 17:33:52.952,C3:00:00:63:4D:0D,-59,127,1.5,2.0,1.5
1783006433055,2026-07-02 17:33:53.055,C3:00:00:63:4D:0D,-54,127,1.5,2.0,1.5
1783006433156,2026-07-02 17:33:53.156,C3:00:00:63:4D:0D,-54,127,1.5,2.0,1.5
1783006433260,2026-07-02 17:33:53.260,C3:00:00:63:4D:0D,-58,127,1.5,2.0,1.5
1783006433367,2026-07-02 17:33:53.367,C3:00:00:63:4D:0D,-54,127,1.5,2.0,1.5
1783006433476,2026-07-02 17:33:53.476,C3:00:00:63:4D:0D,-58,127,1.5,2.0,1.5
1783006433588,2026-07-02 17:33:53.588,C3:00:00:63:4D:0D,-54,127,1.5,2.0,1.5
1783006433615,2026-07-02 17:33:53.615,C3:00:00:63:4D:0D,-54,127,1.5,2.0,1.5
1783006433693,2026-07-02 17:33:53.693,C3:00:00:63:4D:0D,-54,127,1.5,2.0,1.5
1783006433783,2026-07-02 17:33:53.783,C3:00:00:63:4D:0D,-59,127,1.5,2.0,1.5
1783006433819,2026-07-02 17:33:53.819,C3:00:00:63:4D:0D,-58,127,1.5,2.0,1.5
1783006433902,2026-07-02 17:33:53.902,C3:00:00:63:4D:0D,-54,127,1.5,2.0,1.5
1783006433999,2026-07-02 17:33:53.999,C3:00:00:63:4D:0D,-54,127,1.5,2.0,1.5
1783006434057,2026-07-02 17:33:54.057,C3:00:00:63:4D:0D,-54,127,1.5,2.0,1.5
1783006434100,2026-07-02 17:33:54.100,C3:00:00:63:4D:0D,-59,127,1.5,2.0,1.5
1783006434201,2026-07-02 17:33:54.201,C3:00:00:63:4D:0D,-54,127,1.5,2.0,1.5
1783006434419,2026-07-02 17:33:54.419,C3:00:00:63:4D:0D,-58,127,1.5,2.0,1.5
1783006434529,2026-07-02 17:33:54.529,C3:00:00:63:4D:0D,-54,127,1.5,2.0,1.5
1783006434631,2026-07-02 17:33:54.631,C3:00:00:63:4D:0D,-54,127,1.5,2.0,1.5
1783006434727,2026-07-02 17:33:54.727,C3:00:00:63:4D:0D,-58,127,1.5,2.0,1.5
1783006434841,2026-07-02 17:33:54.841,C3:00:00:63:4D:0D,-54,127,1.5,2.0,1.5
1783006434940,2026-07-02 17:33:54.940,C3:00:00:63:4D:0D,-54,127,1.5,2.0,1.5
1783006435258,2026-07-02 17:33:55.258,C3:00:00:63:4D:0D,-54,127,1.5,2.0,1.5
1783006435364,2026-07-02 17:33:55.364,C3:00:00:63:4D:0D,-58,127,1.5,2.0,1.5
1783006435464,2026-07-02 17:33:55.464,C3:00:00:63:4D:0D,-54,127,1.5,2.0,1.5
1783006435574,2026-07-02 17:33:55.574,C3:00:00:63:4D:0D,-58,127,1.5,2.0,1.5
1783006435683,2026-07-02 17:33:55.683,C3:00:00:63:4D:0D,-54,127,1.5,2.0,1.5
1783006435788,2026-07-02 17:33:55.788,C3:00:00:63:4D:0D,-54,127,1.5,2.0,1.5
1783006435807,2026-07-02 17:33:55.807,C3:00:00:63:4D:0D,-54,127,1.5,2.0,1.5
1783006435891,2026-07-02 17:33:55.891,C3:00:00:63:4D:0D,-58,127,1.5,2.0,1.5
1783006435988,2026-07-02 17:33:55.988,C3:00:00:63:4D:0D,-54,127,1.5,2.0,1.5
1783006436064,2026-07-02 17:33:56.064,C3:00:00:63:4D:0D,-54,127,1.5,2.0,1.5
1783006436211,2026-07-02 17:33:56.211,C3:00:00:63:4D:0D,-59,127,1.5,2.0,1.5
1783006436307,2026-07-02 17:33:56.307,C3:00:00:63:4D:0D,-54,127,1.5,2.0,1.5
1783006436516,2026-07-02 17:33:56.516,C3:00:00:63:4D:0D,-58,127,1.5,2.0,1.5
1783006436623,2026-07-02 17:33:56.623,C3:00:00:63:4D:0D,-54,127,1.5,2.0,1.5
1783006436730,2026-07-02 17:33:56.730,C3:00:00:63:4D:0D,-54,127,1.5,2.0,1.5
1783006436944,2026-07-02 17:33:56.944,C3:00:00:63:4D:0D,-54,127,1.5,2.0,1.5
1783006437145,2026-07-02 17:33:57.145,C3:00:00:63:4D:0D,-58,127,1.5,2.0,1.5
1783006437254,2026-07-02 17:33:57.254,C3:00:00:63:4D:0D,-54,127,1.5,2.0,1.5
1783006437360,2026-07-02 17:33:57.360,C3:00:00:63:4D:0D,-55,127,1.5,2.0,1.5
1783006437462,2026-07-02 17:33:57.462,C3:00:00:63:4D:0D,-58,127,1.5,2.0,1.5
1783006437564,2026-07-02 17:33:57.564,C3:00:00:63:4D:0D,-54,127,1.5,2.0,1.5
1783006437620,2026-07-02 17:33:57.620,C3:00:00:63:4D:0D,-54,127,1.5,2.0,1.5
1783006437674,2026-07-02 17:33:57.674,C3:00:00:63:4D:0D,-58,127,1.5,2.0,1.5
1783006437798,2026-07-02 17:33:57.798,C3:00:00:63:4D:0D,-54,127,1.5,2.0,1.5
1783006437887,2026-07-02 17:33:57.887,C3:00:00:63:4D:0D,-54,127,1.5,2.0,1.5
1783006437997,2026-07-02 17:33:57.997,C3:00:00:63:4D:0D,-55,127,1.5,2.0,1.5
1783006438070,2026-07-02 17:33:58.070,C3:00:00:63:4D:0D,-54,127,1.5,2.0,1.5
1783006438203,2026-07-02 17:33:58.203,C3:00:00:63:4D:0D,-54,127,1.5,2.0,1.5
1783006438304,2026-07-02 17:33:58.304,C3:00:00:63:4D:0D,-58,127,1.5,2.0,1.5
1783006438412,2026-07-02 17:33:58.412,C3:00:00:63:4D:0D,-54,127,1.5,2.0,1.5
1783006438517,2026-07-02 17:33:58.517,C3:00:00:63:4D:0D,-54,127,1.5,2.0,1.5
1783006438622,2026-07-02 17:33:58.622,C3:00:00:63:4D:0D,-58,127,1.5,2.0,1.5
1783006438726,2026-07-02 17:33:58.726,C3:00:00:63:4D:0D,-54,127,1.5,2.0,1.5
1783006438826,2026-07-02 17:33:58.826,C3:00:00:63:4D:0D,-54,127,1.5,2.0,1.5
1783006438923,2026-07-02 17:33:58.923,C3:00:00:63:4D:0D,-58,127,1.5,2.0,1.5
1783006439031,2026-07-02 17:33:59.031,C3:00:00:63:4D:0D,-54,127,1.5,2.0,1.5
1783006439143,2026-07-02 17:33:59.143,C3:00:00:63:4D:0D,-54,127,1.5,2.0,1.5
1783006439245,2026-07-02 17:33:59.245,C3:00:00:63:4D:0D,-58,127,1.5,2.0,1.5
1783006439433,2026-07-02 17:33:59.433,C3:00:00:63:4D:0D,-62,127,1.5,2.0,1.5
1783006439459,2026-07-02 17:33:59.459,C3:00:00:63:4D:0D,-54,127,1.5,2.0,1.5
1783006439586,2026-07-02 17:33:59.586,C3:00:00:63:4D:0D,-54,127,1.5,2.0,1.5
1783006439670,2026-07-02 17:33:59.670,C3:00:00:63:4D:0D,-54,127,1.5,2.0,1.5
1783006439776,2026-07-02 17:33:59.776,C3:00:00:63:4D:0D,-58,127,1.5,2.0,1.5
1783006439824,2026-07-02 17:33:59.824,C3:00:00:63:4D:0D,-59,127,1.5,2.0,1.5
1783006439877,2026-07-02 17:33:59.877,C3:00:00:63:4D:0D,-54,127,1.5,2.0,1.5
1783006439985,2026-07-02 17:33:59.985,C3:00:00:63:4D:0D,-54,127,1.5,2.0,1.5
1783006440083,2026-07-02 17:34:00.083,C3:00:00:63:4D:0D,-59,127,1.5,2.0,1.5
1783006440110,2026-07-02 17:34:00.110,C3:00:00:63:4D:0D,-59,127,1.5,2.0,1.5
1783006440190,2026-07-02 17:34:00.190,C3:00:00:63:4D:0D,-54,127,1.5,2.0,1.5
1783006440313,2026-07-02 17:34:00.313,C3:00:00:63:4D:0D,-54,127,1.5,2.0,1.5
1783006440411,2026-07-02 17:34:00.411,C3:00:00:63:4D:0D,-58,127,1.5,2.0,1.5
1783006440507,2026-07-02 17:34:00.507,C3:00:00:63:4D:0D,-54,127,1.5,2.0,1.5
1783006440618,2026-07-02 17:34:00.618,C3:00:00:63:4D:0D,-54,127,1.5,2.0,1.5
1783006441249,2026-07-02 17:34:01.249,C3:00:00:63:4D:0D,-54,127,1.5,2.0,1.5
1783006441347,2026-07-02 17:34:01.347,C3:00:00:63:4D:0D,-58,127,1.5,2.0,1.5
1783006441453,2026-07-02 17:34:01.453,C3:00:00:63:4D:0D,-54,127,1.5,2.0,1.5
1783006441559,2026-07-02 17:34:01.559,C3:00:00:63:4D:0D,-54,127,1.5,2.0,1.5
1783006441623,2026-07-02 17:34:01.623,C3:00:00:63:4D:0D,-59,127,1.5,2.0,1.5
1783006441667,2026-07-02 17:34:01.667,C3:00:00:63:4D:0D,-59,127,1.5,2.0,1.5
1783006441823,2026-07-02 17:34:01.823,C3:00:00:63:4D:0D,-54,127,1.5,2.0,1.5
1783006441879,2026-07-02 17:34:01.879,C3:00:00:63:4D:0D,-58,127,1.5,2.0,1.5
1783006442083,2026-07-02 17:34:02.083,C3:00:00:63:4D:0D,-54,127,1.5,2.0,1.5
1783006442105,2026-07-02 17:34:02.105,C3:00:00:63:4D:0D,-54,127,1.5,2.0,1.5
1783006442197,2026-07-02 17:34:02.197,C3:00:00:63:4D:0D,-58,127,1.5,2.0,1.5
1783006442305,2026-07-02 17:34:02.305,C3:00:00:63:4D:0D,-54,127,1.5,2.0,1.5
1783006442406,2026-07-02 17:34:02.406,C3:00:00:63:4D:0D,-54,127,1.5,2.0,1.5
1783006442500,2026-07-02 17:34:02.500,C3:00:00:63:4D:0D,-58,127,1.5,2.0,1.5
1783006442708,2026-07-02 17:34:02.708,C3:00:00:63:4D:0D,-54,127,1.5,2.0,1.5
1783006442815,2026-07-02 17:34:02.815,C3:00:00:63:4D:0D,-58,127,1.5,2.0,1.5
1783006442922,2026-07-02 17:34:02.922,C3:00:00:63:4D:0D,-54,127,1.5,2.0,1.5
1783006443139,2026-07-02 17:34:03.139,C3:00:00:63:4D:0D,-58,127,1.5,2.0,1.5
1783006443437,2026-07-02 17:34:03.437,C3:00:00:63:4D:0D,-67,127,1.5,2.0,1.5
1783006443459,2026-07-02 17:34:03.459,C3:00:00:63:4D:0D,-58,127,1.5,2.0,1.5
1783006443555,2026-07-02 17:34:03.555,C3:00:00:63:4D:0D,-54,127,1.5,2.0,1.5
1783006443766,2026-07-02 17:34:03.766,C3:00:00:63:4D:0D,-58,127,1.5,2.0,1.5
1783006443839,2026-07-02 17:34:03.839,C3:00:00:63:4D:0D,-54,127,1.5,2.0,1.5
1783006443867,2026-07-02 17:34:03.867,C3:00:00:63:4D:0D,-54,127,1.5,2.0,1.5
1783006444075,2026-07-02 17:34:04.075,C3:00:00:63:4D:0D,-54,127,1.5,2.0,1.5
1783006444181,2026-07-02 17:34:04.181,C3:00:00:63:4D:0D,-54,127,1.5,2.0,1.5
1783006444288,2026-07-02 17:34:04.288,C3:00:00:63:4D:0D,-58,127,1.5,2.0,1.5
1783006444394,2026-07-02 17:34:04.394,C3:00:00:63:4D:0D,-54,127,1.5,2.0,1.5
1783006444701,2026-07-02 17:34:04.701,C3:00:00:63:4D:0D,-54,127,1.5,2.0,1.5
1783006444809,2026-07-02 17:34:04.809,C3:00:00:63:4D:0D,-54,127,1.5,2.0,1.5
1783006444914,2026-07-02 17:34:04.914,C3:00:00:63:4D:0D,-58,127,1.5,2.0,1.5
1783006445020,2026-07-02 17:34:05.020,C3:00:00:63:4D:0D,-54,127,1.5,2.0,1.5
1783006445123,2026-07-02 17:34:05.123,C3:00:00:63:4D:0D,-54,127,1.5,2.0,1.5
1783006445229,2026-07-02 17:34:05.229,C3:00:00:63:4D:0D,-58,127,1.5,2.0,1.5
1783006445340,2026-07-02 17:34:05.340,C3:00:00:63:4D:0D,-54,127,1.5,2.0,1.5
1783006445441,2026-07-02 17:34:05.441,C3:00:00:63:4D:0D,-54,127,1.5,2.0,1.5
1783006445623,2026-07-02 17:34:05.623,C3:00:00:63:4D:0D,-54,127,1.5,2.0,1.5
1783006445655,2026-07-02 17:34:05.655,C3:00:00:63:4D:0D,-54,127,1.5,2.0,1.5
1783006445761,2026-07-02 17:34:05.761,C3:00:00:63:4D:0D,-54,127,1.5,2.0,1.5
1783006445861,2026-07-02 17:34:05.861,C3:00:00:63:4D:0D,-58,127,1.5,2.0,1.5
1783006445968,2026-07-02 17:34:05.968,C3:00:00:63:4D:0D,-54,127,1.5,2.0,1.5
1783006446071,2026-07-02 17:34:06.071,C3:00:00:63:4D:0D,-58,127,1.5,2.0,1.5
1783006446105,2026-07-02 17:34:06.105,C3:00:00:63:4D:0D,-58,127,1.5,2.0,1.5
1783006446173,2026-07-02 17:34:06.173,C3:00:00:63:4D:0D,-54,127,1.5,2.0,1.5
1783006446279,2026-07-02 17:34:06.279,C3:00:00:63:4D:0D,-54,127,1.5,2.0,1.5
1783006446383,2026-07-02 17:34:06.383,C3:00:00:63:4D:0D,-58,127,1.5,2.0,1.5
1783006446492,2026-07-02 17:34:06.492,C3:00:00:63:4D:0D,-54,127,1.5,2.0,1.5
1783006446601,2026-07-02 17:34:06.601,C3:00:00:63:4D:0D,-54,127,1.5,2.0,1.5
1783006446702,2026-07-02 17:34:06.702,C3:00:00:63:4D:0D,-58,127,1.5,2.0,1.5
1783006446811,2026-07-02 17:34:06.811,C3:00:00:63:4D:0D,-54,127,1.5,2.0,1.5
1783006446914,2026-07-02 17:34:06.914,C3:00:00:63:4D:0D,-54,127,1.5,2.0,1.5
1783006447034,2026-07-02 17:34:07.034,C3:00:00:63:4D:0D,-58,127,1.5,2.0,1.5
1783006447127,2026-07-02 17:34:07.127,C3:00:00:63:4D:0D,-54,127,1.5,2.0,1.5
1783006447236,2026-07-02 17:34:07.236,C3:00:00:63:4D:0D,-53,127,1.5,2.0,1.5
1783006447438,2026-07-02 17:34:07.438,C3:00:00:63:4D:0D,-54,127,1.5,2.0,1.5
1783006447458,2026-07-02 17:34:07.458,C3:00:00:63:4D:0D,-61,127,1.5,2.0,1.5
1783006447641,2026-07-02 17:34:07.641,C3:00:00:63:4D:0D,-59,127,1.5,2.0,1.5
1783006447853,2026-07-02 17:34:07.853,C3:00:00:63:4D:0D,-54,127,1.5,2.0,1.5
1783006448068,2026-07-02 17:34:08.068,C3:00:00:63:4D:0D,-54,127,1.5,2.0,1.5
1783006448110,2026-07-02 17:34:08.110,C3:00:00:63:4D:0D,-58,127,1.5,2.0,1.5
1783006448289,2026-07-02 17:34:08.289,C3:00:00:63:4D:0D,-54,127,1.5,2.0,1.5
1783006448379,2026-07-02 17:34:08.379,C3:00:00:63:4D:0D,-54,127,1.5,2.0,1.5
1783006448494,2026-07-02 17:34:08.494,C3:00:00:63:4D:0D,-58,127,1.5,2.0,1.5
1783006448595,2026-07-02 17:34:08.595,C3:00:00:63:4D:0D,-54,127,1.5,2.0,1.5
1783006448697,2026-07-02 17:34:08.697,C3:00:00:63:4D:0D,-54,127,1.5,2.0,1.5
1783006448799,2026-07-02 17:34:08.799,C3:00:00:63:4D:0D,-58,127,1.5,2.0,1.5
1783006448904,2026-07-02 17:34:08.904,C3:00:00:63:4D:0D,-54,127,1.5,2.0,1.5
1783006449116,2026-07-02 17:34:09.116,C3:00:00:63:4D:0D,-58,127,1.5,2.0,1.5
1783006449221,2026-07-02 17:34:09.221,C3:00:00:63:4D:0D,-54,127,1.5,2.0,1.5
1783006449333,2026-07-02 17:34:09.333,C3:00:00:63:4D:0D,-54,127,1.5,2.0,1.5
1783006449426,2026-07-02 17:34:09.426,C3:00:00:63:4D:0D,-58,127,1.5,2.0,1.5
1783006449649,2026-07-02 17:34:09.649,C3:00:00:63:4D:0D,-54,127,1.5,2.0,1.5
1783006449743,2026-07-02 17:34:09.743,C3:00:00:63:4D:0D,-58,127,1.5,2.0,1.5
1783006449849,2026-07-02 17:34:09.849,C3:00:00:63:4D:0D,-54,127,1.5,2.0,1.5
1783006449867,2026-07-02 17:34:09.867,C3:00:00:63:4D:0D,-54,127,1.5,2.0,1.5
1783006449960,2026-07-02 17:34:09.960,C3:00:00:63:4D:0D,-54,127,1.5,2.0,1.5
1783006450066,2026-07-02 17:34:10.066,C3:00:00:63:4D:0D,-58,127,1.5,2.0,1.5
1783006450111,2026-07-02 17:34:10.111,C3:00:00:63:4D:0D,-54,127,1.5,2.0,1.5
1783006450165,2026-07-02 17:34:10.165,C3:00:00:63:4D:0D,-54,127,1.5,2.0,1.5
1783006450482,2026-07-02 17:34:10.482,C3:00:00:63:4D:0D,-54,127,1.5,2.0,1.5
1783006450588,2026-07-02 17:34:10.588,C3:00:00:63:4D:0D,-57,127,1.5,2.0,1.5
1783006450694,2026-07-02 17:34:10.694,C3:00:00:63:4D:0D,-54,127,1.5,2.0,1.5
1783006450800,2026-07-02 17:34:10.800,C3:00:00:63:4D:0D,-56,127,1.5,2.0,1.5
1783006450897,2026-07-02 17:34:10.897,C3:00:00:63:4D:0D,-59,127,1.5,2.0,1.5
1783006451007,2026-07-02 17:34:11.007,C3:00:00:63:4D:0D,-54,127,1.5,2.0,1.5
1783006451117,2026-07-02 17:34:11.117,C3:00:00:63:4D:0D,-55,127,1.5,2.0,1.5
1783006451217,2026-07-02 17:34:11.217,C3:00:00:63:4D:0D,-57,127,1.5,2.0,1.5
1783006451322,2026-07-02 17:34:11.322,C3:00:00:63:4D:0D,-54,127,1.5,2.0,1.5
1783006451420,2026-07-02 17:34:11.420,C3:00:00:63:4D:0D,-55,127,1.5,2.0,1.5
1783006451458,2026-07-02 17:34:11.458,C3:00:00:63:4D:0D,-63,127,1.5,2.0,1.5
1783006451531,2026-07-02 17:34:11.531,C3:00:00:63:4D:0D,-58,127,1.5,2.0,1.5
1783006451637,2026-07-02 17:34:11.637,C3:00:00:63:4D:0D,-54,127,1.5,2.0,1.5
1783006451738,2026-07-02 17:34:11.738,C3:00:00:63:4D:0D,-54,127,1.5,2.0,1.5
1783006451852,2026-07-02 17:34:11.852,C3:00:00:63:4D:0D,-58,127,1.5,2.0,1.5
1783006451862,2026-07-02 17:34:11.862,C3:00:00:63:4D:0D,-54,127,1.5,2.0,1.5
1783006451945,2026-07-02 17:34:11.945,C3:00:00:63:4D:0D,-54,127,1.5,2.0,1.5
1783006452060,2026-07-02 17:34:12.060,C3:00:00:63:4D:0D,-54,127,1.5,2.0,1.5
1783006452122,2026-07-02 17:34:12.122,C3:00:00:63:4D:0D,-60,127,1.5,2.0,1.5
1783006452158,2026-07-02 17:34:12.158,C3:00:00:63:4D:0D,-59,127,1.5,2.0,1.5
1783006452263,2026-07-02 17:34:12.263,C3:00:00:63:4D:0D,-54,127,1.5,2.0,1.5
1783006452370,2026-07-02 17:34:12.370,C3:00:00:63:4D:0D,-59,127,1.5,2.0,1.5
1783006452579,2026-07-02 17:34:12.579,C3:00:00:63:4D:0D,-54,127,1.5,2.0,1.5
1783006452688,2026-07-02 17:34:12.688,C3:00:00:63:4D:0D,-58,127,1.5,2.0,1.5
1783006452811,2026-07-02 17:34:12.811,C3:00:00:63:4D:0D,-54,127,1.5,2.0,1.5
1783006452997,2026-07-02 17:34:12.997,C3:00:00:63:4D:0D,-58,127,1.5,2.0,1.5
1783006453104,2026-07-02 17:34:13.104,C3:00:00:63:4D:0D,-54,127,1.5,2.0,1.5
1783006453219,2026-07-02 17:34:13.219,C3:00:00:63:4D:0D,-54,127,1.5,2.0,1.5
1783006453319,2026-07-02 17:34:13.319,C3:00:00:63:4D:0D,-58,127,1.5,2.0,1.5
1783006453423,2026-07-02 17:34:13.423,C3:00:00:63:4D:0D,-55,127,1.5,2.0,1.5
1783006453527,2026-07-02 17:34:13.527,C3:00:00:63:4D:0D,-54,127,1.5,2.0,1.5
1783006453628,2026-07-02 17:34:13.628,C3:00:00:63:4D:0D,-59,127,1.5,2.0,1.5
1783006453655,2026-07-02 17:34:13.655,C3:00:00:63:4D:0D,-59,127,1.5,2.0,1.5
1783006453732,2026-07-02 17:34:13.732,C3:00:00:63:4D:0D,-54,127,1.5,2.0,1.5
1783006453838,2026-07-02 17:34:13.838,C3:00:00:63:4D:0D,-53,127,1.5,2.0,1.5
1783006453876,2026-07-02 17:34:13.876,C3:00:00:63:4D:0D,-60,127,1.5,2.0,1.5
1783006453947,2026-07-02 17:34:13.947,C3:00:00:63:4D:0D,-58,127,1.5,2.0,1.5
1783006454045,2026-07-02 17:34:14.045,C3:00:00:63:4D:0D,-55,127,1.5,2.0,1.5
1783006454162,2026-07-02 17:34:14.162,C3:00:00:63:4D:0D,-54,127,1.5,2.0,1.5
1783006454265,2026-07-02 17:34:14.265,C3:00:00:63:4D:0D,-58,127,1.5,2.0,1.5
1783006454359,2026-07-02 17:34:14.359,C3:00:00:63:4D:0D,-55,127,1.5,2.0,1.5
1783006454475,2026-07-02 17:34:14.475,C3:00:00:63:4D:0D,-58,127,1.5,2.0,1.5
1783006454568,2026-07-02 17:34:14.568,C3:00:00:63:4D:0D,-54,127,1.5,2.0,1.5
1783006454682,2026-07-02 17:34:14.682,C3:00:00:63:4D:0D,-54,127,1.5,2.0,1.5
1783006454787,2026-07-02 17:34:14.787,C3:00:00:63:4D:0D,-59,127,1.5,2.0,1.5
1783006454893,2026-07-02 17:34:14.893,C3:00:00:63:4D:0D,-54,127,1.5,2.0,1.5
1783006455102,2026-07-02 17:34:15.102,C3:00:00:63:4D:0D,-60,127,1.5,2.0,1.5
1783006455211,2026-07-02 17:34:15.211,C3:00:00:63:4D:0D,-54,127,1.5,2.0,1.5
1783006455313,2026-07-02 17:34:15.313,C3:00:00:63:4D:0D,-54,127,1.5,2.0,1.5
1783006455467,2026-07-02 17:34:15.467,C3:00:00:63:4D:0D,-67,127,1.5,2.0,1.5
1783006455515,2026-07-02 17:34:15.515,C3:00:00:63:4D:0D,-54,127,1.5,2.0,1.5
1783006455628,2026-07-02 17:34:15.628,C3:00:00:63:4D:0D,-54,127,1.5,2.0,1.5
1783006455731,2026-07-02 17:34:15.731,C3:00:00:63:4D:0D,-60,127,1.5,2.0,1.5
1783006455837,2026-07-02 17:34:15.837,C3:00:00:63:4D:0D,-54,127,1.5,2.0,1.5
1783006455883,2026-07-02 17:34:15.883,C3:00:00:63:4D:0D,-54,127,1.5,2.0,1.5
1783006455940,2026-07-02 17:34:15.940,C3:00:00:63:4D:0D,-55,127,1.5,2.0,1.5
1783006456046,2026-07-02 17:34:16.046,C3:00:00:63:4D:0D,-61,127,1.5,2.0,1.5
1783006456153,2026-07-02 17:34:16.153,C3:00:00:63:4D:0D,-54,127,1.5,2.0,1.5
1783006456263,2026-07-02 17:34:16.263,C3:00:00:63:4D:0D,-54,127,1.5,2.0,1.5
1783006456574,2026-07-02 17:34:16.574,C3:00:00:63:4D:0D,-60,127,1.5,2.0,1.5
1783006456674,2026-07-02 17:34:16.674,C3:00:00:63:4D:0D,-55,127,1.5,2.0,1.5
1783006456783,2026-07-02 17:34:16.783,C3:00:00:63:4D:0D,-54,127,1.5,2.0,1.5
1783006456883,2026-07-02 17:34:16.883,C3:00:00:63:4D:0D,-60,127,1.5,2.0,1.5
1783006456996,2026-07-02 17:34:16.996,C3:00:00:63:4D:0D,-55,127,1.5,2.0,1.5
1783006457199,2026-07-02 17:34:17.199,C3:00:00:63:4D:0D,-60,127,1.5,2.0,1.5
1783006457406,2026-07-02 17:34:17.406,C3:00:00:63:4D:0D,-54,127,1.5,2.0,1.5
1783006457619,2026-07-02 17:34:17.619,C3:00:00:63:4D:0D,-55,127,1.5,2.0,1.5
1783006457631,2026-07-02 17:34:17.631,C3:00:00:63:4D:0D,-55,127,1.5,2.0,1.5
1783006457737,2026-07-02 17:34:17.737,C3:00:00:63:4D:0D,-54,127,1.5,2.0,1.5
1783006457834,2026-07-02 17:34:17.834,C3:00:00:63:4D:0D,-60,127,1.5,2.0,1.5
1783006458049,2026-07-02 17:34:18.049,C3:00:00:63:4D:0D,-54,127,1.5,2.0,1.5
1783006458175,2026-07-02 17:34:18.175,C3:00:00:63:4D:0D,-55,127,1.5,2.0,1.5
1783006458244,2026-07-02 17:34:18.244,C3:00:00:63:4D:0D,-55,127,1.5,2.0,1.5
1783006458352,2026-07-02 17:34:18.352,C3:00:00:63:4D:0D,-54,127,1.5,2.0,1.5
1783006458455,2026-07-02 17:34:18.455,C3:00:00:63:4D:0D,-60,127,1.5,2.0,1.5
1783006458666,2026-07-02 17:34:18.666,C3:00:00:63:4D:0D,-60,127,1.5,2.0,1.5
1783006458998,2026-07-02 17:34:18.998,C3:00:00:63:4D:0D,-59,127,1.5,2.0,1.5
1783006459095,2026-07-02 17:34:19.095,C3:00:00:63:4D:0D,-55,127,1.5,2.0,1.5
1783006459192,2026-07-02 17:34:19.192,C3:00:00:63:4D:0D,-55,127,1.5,2.0,1.5
1783006459296,2026-07-02 17:34:19.296,C3:00:00:63:4D:0D,-59,127,1.5,2.0,1.5
1783006459405,2026-07-02 17:34:19.405,C3:00:00:63:4D:0D,-54,127,1.5,2.0,1.5
1783006459470,2026-07-02 17:34:19.470,C3:00:00:63:4D:0D,-63,127,1.5,2.0,1.5
1783006459516,2026-07-02 17:34:19.516,C3:00:00:63:4D:0D,-55,127,1.5,2.0,1.5
1783006459615,2026-07-02 17:34:19.615,C3:00:00:63:4D:0D,-59,127,1.5,2.0,1.5
1783006459719,2026-07-02 17:34:19.719,C3:00:00:63:4D:0D,-55,127,1.5,2.0,1.5
1783006459826,2026-07-02 17:34:19.826,C3:00:00:63:4D:0D,-55,127,1.5,2.0,1.5
1783006459911,2026-07-02 17:34:19.911,C3:00:00:63:4D:0D,-59,127,1.5,2.0,1.5
1783006459932,2026-07-02 17:34:19.932,C3:00:00:63:4D:0D,-59,127,1.5,2.0,1.5
1783006460031,2026-07-02 17:34:20.031,C3:00:00:63:4D:0D,-55,127,1.5,2.0,1.5
1783006460145,2026-07-02 17:34:20.145,C3:00:00:63:4D:0D,-55,127,1.5,2.0,1.5
1783006460156,2026-07-02 17:34:20.156,C3:00:00:63:4D:0D,-56,127,1.5,2.0,1.5
1783006460248,2026-07-02 17:34:20.248,C3:00:00:63:4D:0D,-60,127,1.5,2.0,1.5
1783006460346,2026-07-02 17:34:20.346,C3:00:00:63:4D:0D,-55,127,1.5,2.0,1.5
1783006460455,2026-07-02 17:34:20.455,C3:00:00:63:4D:0D,-54,127,1.5,2.0,1.5
1783006460560,2026-07-02 17:34:20.560,C3:00:00:63:4D:0D,-60,127,1.5,2.0,1.5
1783006460664,2026-07-02 17:34:20.664,C3:00:00:63:4D:0D,-55,127,1.5,2.0,1.5
1783006460770,2026-07-02 17:34:20.770,C3:00:00:63:4D:0D,-60,127,1.5,2.0,1.5
1783006460876,2026-07-02 17:34:20.876,C3:00:00:63:4D:0D,-55,127,1.5,2.0,1.5
1783006461084,2026-07-02 17:34:21.084,C3:00:00:63:4D:0D,-60,127,1.5,2.0,1.5
1783006461194,2026-07-02 17:34:21.194,C3:00:00:63:4D:0D,-54,127,1.5,2.0,1.5
1783006461297,2026-07-02 17:34:21.297,C3:00:00:63:4D:0D,-54,127,1.5,2.0,1.5
1783006461400,2026-07-02 17:34:21.400,C3:00:00:63:4D:0D,-60,127,1.5,2.0,1.5
1783006461511,2026-07-02 17:34:21.511,C3:00:00:63:4D:0D,-55,127,1.5,2.0,1.5
1783006461642,2026-07-02 17:34:21.642,C3:00:00:63:4D:0D,-54,127,1.5,2.0,1.5
1783006461712,2026-07-02 17:34:21.712,C3:00:00:63:4D:0D,-60,127,1.5,2.0,1.5
1783006461825,2026-07-02 17:34:21.825,C3:00:00:63:4D:0D,-55,127,1.5,2.0,1.5
1783006461911,2026-07-02 17:34:21.911,C3:00:00:63:4D:0D,-54,127,1.5,2.0,1.5
1783006461931,2026-07-02 17:34:21.931,C3:00:00:63:4D:0D,-54,127,1.5,2.0,1.5
1783006462028,2026-07-02 17:34:22.028,C3:00:00:63:4D:0D,-60,127,1.5,2.0,1.5
1783006462134,2026-07-02 17:34:22.134,C3:00:00:63:4D:0D,-55,127,1.5,2.0,1.5
1783006462156,2026-07-02 17:34:22.156,C3:00:00:63:4D:0D,-55,127,1.5,2.0,1.5
1783006462255,2026-07-02 17:34:22.255,C3:00:00:63:4D:0D,-54,127,1.5,2.0,1.5
1783006462343,2026-07-02 17:34:22.343,C3:00:00:63:4D:0D,-61,127,1.5,2.0,1.5
1783006462454,2026-07-02 17:34:22.454,C3:00:00:63:4D:0D,-55,127,1.5,2.0,1.5
1783006462559,2026-07-02 17:34:22.559,C3:00:00:63:4D:0D,-54,127,1.5,2.0,1.5
1783006462664,2026-07-02 17:34:22.664,C3:00:00:63:4D:0D,-59,127,1.5,2.0,1.5
1783006462771,2026-07-02 17:34:22.771,C3:00:00:63:4D:0D,-54,127,1.5,2.0,1.5
1783006462868,2026-07-02 17:34:22.868,C3:00:00:63:4D:0D,-60,127,1.5,2.0,1.5
1783006463083,2026-07-02 17:34:23.083,C3:00:00:63:4D:0D,-54,127,1.5,2.0,1.5
1783006463283,2026-07-02 17:34:23.283,C3:00:00:63:4D:0D,-55,127,1.5,2.0,1.5
1783006463485,2026-07-02 17:34:23.485,C3:00:00:63:4D:0D,-67,127,1.5,2.0,1.5
1783006463605,2026-07-02 17:34:23.605,C3:00:00:63:4D:0D,-55,127,1.5,2.0,1.5
1783006463816,2026-07-02 17:34:23.816,C3:00:00:63:4D:0D,-60,127,1.5,2.0,1.5
1783006463917,2026-07-02 17:34:23.917,C3:00:00:63:4D:0D,-54,127,1.5,2.0,1.5
1783006463936,2026-07-02 17:34:23.936,C3:00:00:63:4D:0D,-55,127,1.5,2.0,1.5
1783006464021,2026-07-02 17:34:24.021,C3:00:00:63:4D:0D,-54,127,1.5,2.0,1.5
1783006464129,2026-07-02 17:34:24.129,C3:00:00:63:4D:0D,-60,127,1.5,2.0,1.5
1783006464167,2026-07-02 17:34:24.167,C3:00:00:63:4D:0D,-55,127,1.5,2.0,1.5
1783006464239,2026-07-02 17:34:24.239,C3:00:00:63:4D:0D,-55,127,1.5,2.0,1.5
1783006464346,2026-07-02 17:34:24.346,C3:00:00:63:4D:0D,-54,127,1.5,2.0,1.5
1783006464449,2026-07-02 17:34:24.449,C3:00:00:63:4D:0D,-60,127,1.5,2.0,1.5
1783006464548,2026-07-02 17:34:24.548,C3:00:00:63:4D:0D,-55,127,1.5,2.0,1.5
1783006465187,2026-07-02 17:34:25.187,C3:00:00:63:4D:0D,-54,127,1.5,2.0,1.5
1783006465285,2026-07-02 17:34:25.285,C3:00:00:63:4D:0D,-60,127,1.5,2.0,1.5
1783006465387,2026-07-02 17:34:25.387,C3:00:00:63:4D:0D,-54,127,1.5,2.0,1.5
1783006465493,2026-07-02 17:34:25.493,C3:00:00:63:4D:0D,-54,127,1.5,2.0,1.5
1783006465604,2026-07-02 17:34:25.604,C3:00:00:63:4D:0D,-60,127,1.5,2.0,1.5
1783006465651,2026-07-02 17:34:25.651,C3:00:00:63:4D:0D,-60,127,1.5,2.0,1.5
1783006465708,2026-07-02 17:34:25.708,C3:00:00:63:4D:0D,-54,127,1.5,2.0,1.5
1783006465911,2026-07-02 17:34:25.911,C3:00:00:63:4D:0D,-60,127,1.5,2.0,1.5
1783006465932,2026-07-02 17:34:25.932,C3:00:00:63:4D:0D,-60,127,1.5,2.0,1.5
1783006466031,2026-07-02 17:34:26.031,C3:00:00:63:4D:0D,-54,127,1.5,2.0,1.5
1783006466128,2026-07-02 17:34:26.128,C3:00:00:63:4D:0D,-54,127,1.5,2.0,1.5
1783006466170,2026-07-02 17:34:26.170,C3:00:00:63:4D:0D,-60,127,1.5,2.0,1.5
1783006466239,2026-07-02 17:34:26.239,C3:00:00:63:4D:0D,-60,127,1.5,2.0,1.5
1783006466335,2026-07-02 17:34:26.335,C3:00:00:63:4D:0D,-55,127,1.5,2.0,1.5
1783006466444,2026-07-02 17:34:26.444,C3:00:00:63:4D:0D,-54,127,1.5,2.0,1.5
1783006466646,2026-07-02 17:34:26.646,C3:00:00:63:4D:0D,-55,127,1.5,2.0,1.5
1783006466749,2026-07-02 17:34:26.749,C3:00:00:63:4D:0D,-54,127,1.5,2.0,1.5
1783006466857,2026-07-02 17:34:26.857,C3:00:00:63:4D:0D,-60,127,1.5,2.0,1.5
1783006466972,2026-07-02 17:34:26.972,C3:00:00:63:4D:0D,-54,127,1.5,2.0,1.5
1783006467381,2026-07-02 17:34:27.381,C3:00:00:63:4D:0D,-60,127,1.5,2.0,1.5
1783006467522,2026-07-02 17:34:27.522,C3:00:00:63:4D:0D,-63,127,1.5,2.0,1.5
