timestamp,time,mac_address,rssi,tx_power,pos_x,pos_y,pos_z
1783593998107,2026-07-09 12:46:38.107,C3:00:00:63:4D:09,-58,127,4.0,5.5,1.5
1783593998232,2026-07-09 12:46:38.232,C3:00:00:63:4D:09,-66,127,4.0,5.5,1.5
1783593998238,2026-07-09 12:46:38.238,C3:00:00:63:4D:09,-59,127,4.0,5.5,1.5
1783593998247,2026-07-09 12:46:38.247,C3:00:00:63:4D:09,-65,127,4.0,5.5,1.5
1783593998413,2026-07-09 12:46:38.413,C3:00:00:63:4D:09,-54,127,4.0,5.5,1.5
1783593998529,2026-07-09 12:46:38.529,C3:00:00:63:4D:09,-65,127,4.0,5.5,1.5
1783593998608,2026-07-09 12:46:38.608,C3:00:00:63:4D:09,-66,127,4.0,5.5,1.5
1783593998677,2026-07-09 12:46:38.677,C3:00:00:63:4D:09,-65,127,4.0,5.5,1.5
1783593998726,2026-07-09 12:46:38.726,C3:00:00:63:4D:09,-54,127,4.0,5.5,1.5
1783593998834,2026-07-09 12:46:38.834,C3:00:00:63:4D:09,-70,127,4.0,5.5,1.5
1783593998932,2026-07-09 12:46:38.932,C3:00:00:63:4D:09,-57,127,4.0,5.5,1.5
1783593998955,2026-07-09 12:46:38.955,C3:00:00:63:4D:09,-57,127,4.0,5.5,1.5
1783593999048,2026-07-09 12:46:39.048,C3:00:00:63:4D:09,-54,127,4.0,5.5,1.5
1783593999148,2026-07-09 12:46:39.148,C3:00:00:63:4D:09,-69,127,4.0,5.5,1.5
1783593999253,2026-07-09 12:46:39.253,C3:00:00:63:4D:09,-57,127,4.0,5.5,1.5
1783593999666,2026-07-09 12:46:39.666,C3:00:00:63:4D:09,-54,127,4.0,5.5,1.5
1783593999874,2026-07-09 12:46:39.874,C3:00:00:63:4D:09,-58,127,4.0,5.5,1.5
1783593999980,2026-07-09 12:46:39.980,C3:00:00:63:4D:09,-54,127,4.0,5.5,1.5
1783594000076,2026-07-09 12:46:40.076,C3:00:00:63:4D:09,-68,127,4.0,5.5,1.5
1783594000187,2026-07-09 12:46:40.187,C3:00:00:63:4D:09,-58,127,4.0,5.5,1.5
1783594000291,2026-07-09 12:46:40.291,C3:00:00:63:4D:09,-54,127,4.0,5.5,1.5
1783594000392,2026-07-09 12:46:40.392,C3:00:00:63:4D:09,-68,127,4.0,5.5,1.5
1783594000490,2026-07-09 12:46:40.490,C3:00:00:63:4D:09,-58,127,4.0,5.5,1.5
1783594000608,2026-07-09 12:46:40.608,C3:00:00:63:4D:09,-54,127,4.0,5.5,1.5
1783594000633,2026-07-09 12:46:40.633,C3:00:00:63:4D:09,-68,127,4.0,5.5,1.5
1783594000710,2026-07-09 12:46:40.710,C3:00:00:63:4D:09,-69,127,4.0,5.5,1.5
1783594001019,2026-07-09 12:46:41.019,C3:00:00:63:4D:09,-58,127,4.0,5.5,1.5
1783594001083,2026-07-09 12:46:41.083,C3:00:00:63:4D:09,-59,127,4.0,5.5,1.5
1783594001226,2026-07-09 12:46:41.226,C3:00:00:63:4D:09,-68,127,4.0,5.5,1.5
1783594001330,2026-07-09 12:46:41.330,C3:00:00:63:4D:09,-58,127,4.0,5.5,1.5
1783594001435,2026-07-09 12:46:41.435,C3:00:00:63:4D:09,-54,127,4.0,5.5,1.5
1783594001536,2026-07-09 12:46:41.536,C3:00:00:63:4D:09,-67,127,4.0,5.5,1.5
1783594001636,2026-07-09 12:46:41.636,C3:00:00:63:4D:09,-58,127,4.0,5.5,1.5
1783594001748,2026-07-09 12:46:41.748,C3:00:00:63:4D:09,-54,127,4.0,5.5,1.5
1783594002158,2026-07-09 12:46:42.158,C3:00:00:63:4D:09,-69,127,4.0,5.5,1.5
1783594002486,2026-07-09 12:46:42.486,C3:00:00:63:4D:09,-66,127,4.0,5.5,1.5
1783594002587,2026-07-09 12:46:42.587,C3:00:00:63:4D:09,-58,127,4.0,5.5,1.5
1783594002682,2026-07-09 12:46:42.682,C3:00:00:63:4D:09,-54,127,4.0,5.5,1.5
1783594002697,2026-07-09 12:46:42.697,C3:00:00:63:4D:09,-61,127,4.0,5.5,1.5
1783594002902,2026-07-09 12:46:42.902,C3:00:00:63:4D:09,-58,127,4.0,5.5,1.5
1783594002955,2026-07-09 12:46:42.955,C3:00:00:63:4D:09,-54,127,4.0,5.5,1.5
1783594002990,2026-07-09 12:46:42.990,C3:00:00:63:4D:09,-54,127,4.0,5.5,1.5
1783594003207,2026-07-09 12:46:43.207,C3:00:00:63:4D:09,-58,127,4.0,5.5,1.5
1783594003312,2026-07-09 12:46:43.312,C3:00:00:63:4D:09,-54,127,4.0,5.5,1.5
1783594003417,2026-07-09 12:46:43.417,C3:00:00:63:4D:09,-66,127,4.0,5.5,1.5
1783594003530,2026-07-09 12:46:43.530,C3:00:00:63:4D:09,-54,127,4.0,5.5,1.5
1783594003723,2026-07-09 12:46:43.723,C3:00:00:63:4D:09,-58,127,4.0,5.5,1.5
1783594003941,2026-07-09 12:46:43.941,C3:00:00:63:4D:09,-71,127,4.0,5.5,1.5
1783594004030,2026-07-09 12:46:44.030,C3:00:00:63:4D:09,-59,127,4.0,5.5,1.5
1783594004347,2026-07-09 12:46:44.347,C3:00:00:63:4D:09,-58,127,4.0,5.5,1.5
1783594004459,2026-07-09 12:46:44.459,C3:00:00:63:4D:09,-54,127,4.0,5.5,1.5
1783594004564,2026-07-09 12:46:44.564,C3:00:00:63:4D:09,-68,127,4.0,5.5,1.5
1783594004869,2026-07-09 12:46:44.869,C3:00:00:63:4D:09,-69,127,4.0,5.5,1.5
1783594004976,2026-07-09 12:46:44.976,C3:00:00:63:4D:09,-58,127,4.0,5.5,1.5
1783594005079,2026-07-09 12:46:45.079,C3:00:00:63:4D:09,-54,127,4.0,5.5,1.5
1783594005108,2026-07-09 12:46:45.108,C3:00:00:63:4D:09,-54,127,4.0,5.5,1.5
1783594005177,2026-07-09 12:46:45.177,C3:00:00:63:4D:09,-66,127,4.0,5.5,1.5
1783594005283,2026-07-09 12:46:45.283,C3:00:00:63:4D:09,-60,127,4.0,5.5,1.5
1783594005803,2026-07-09 12:46:45.803,C3:00:00:63:4D:09,-67,127,4.0,5.5,1.5
1783594005904,2026-07-09 12:46:45.904,C3:00:00:63:4D:09,-58,127,4.0,5.5,1.5
1783594006119,2026-07-09 12:46:46.119,C3:00:00:63:4D:09,-58,127,4.0,5.5,1.5
1783594006222,2026-07-09 12:46:46.222,C3:00:00:63:4D:09,-54,127,4.0,5.5,1.5
1783594006322,2026-07-09 12:46:46.322,C3:00:00:63:4D:09,-70,127,4.0,5.5,1.5
1783594006427,2026-07-09 12:46:46.427,C3:00:00:63:4D:09,-58,127,4.0,5.5,1.5
1783594006532,2026-07-09 12:46:46.532,C3:00:00:63:4D:09,-54,127,4.0,5.5,1.5
1783594006620,2026-07-09 12:46:46.620,C3:00:00:63:4D:09,-66,127,4.0,5.5,1.5
1783594006646,2026-07-09 12:46:46.646,C3:00:00:63:4D:09,-67,127,4.0,5.5,1.5
1783594006745,2026-07-09 12:46:46.745,C3:00:00:63:4D:09,-58,127,4.0,5.5,1.5
1783594006845,2026-07-09 12:46:46.845,C3:00:00:63:4D:09,-54,127,4.0,5.5,1.5
1783594006971,2026-07-09 12:46:46.971,C3:00:00:63:4D:09,-68,127,4.0,5.5,1.5
1783594007043,2026-07-09 12:46:47.043,C3:00:00:63:4D:09,-58,127,4.0,5.5,1.5
1783594007111,2026-07-09 12:46:47.111,C3:00:00:63:4D:09,-54,127,4.0,5.5,1.5
1783594007159,2026-07-09 12:46:47.159,C3:00:00:63:4D:09,-54,127,4.0,5.5,1.5
1783594007672,2026-07-09 12:46:47.672,C3:00:00:63:4D:09,-58,127,4.0,5.5,1.5
1783594007775,2026-07-09 12:46:47.775,C3:00:00:63:4D:09,-54,127,4.0,5.5,1.5
1783594007884,2026-07-09 12:46:47.884,C3:00:00:63:4D:09,-68,127,4.0,5.5,1.5
1783594007986,2026-07-09 12:46:47.986,C3:00:00:63:4D:09,-58,127,4.0,5.5,1.5
1783594008085,2026-07-09 12:46:48.085,C3:00:00:63:4D:09,-54,127,4.0,5.5,1.5
1783594008298,2026-07-09 12:46:48.298,C3:00:00:63:4D:09,-58,127,4.0,5.5,1.5
1783594008402,2026-07-09 12:46:48.402,C3:00:00:63:4D:09,-54,127,4.0,5.5,1.5
1783594008606,2026-07-09 12:46:48.606,C3:00:00:63:4D:09,-58,127,4.0,5.5,1.5
1783594008624,2026-07-09 12:46:48.624,C3:00:00:63:4D:09,-54,127,4.0,5.5,1.5
1783594008712,2026-07-09 12:46:48.712,C3:00:00:63:4D:09,-69,127,4.0,5.5,1.5
1783594008924,2026-07-09 12:46:48.924,C3:00:00:63:4D:09,-54,127,4.0,5.5,1.5
1783594009131,2026-07-09 12:46:49.131,C3:00:00:63:4D:09,-59,127,4.0,5.5,1.5
1783594009154,2026-07-09 12:46:49.154,C3:00:00:63:4D:09,-58,127,4.0,5.5,1.5
1783594009235,2026-07-09 12:46:49.235,C3:00:00:63:4D:09,-54,127,4.0,5.5,1.5
1783594009338,2026-07-09 12:46:49.338,C3:00:00:63:4D:09,-69,127,4.0,5.5,1.5
1783594009437,2026-07-09 12:46:49.437,C3:00:00:63:4D:09,-58,127,4.0,5.5,1.5
1783594009549,2026-07-09 12:46:49.549,C3:00:00:63:4D:09,-54,127,4.0,5.5,1.5
1783594009651,2026-07-09 12:46:49.651,C3:00:00:63:4D:09,-69,127,4.0,5.5,1.5
1783594009750,2026-07-09 12:46:49.750,C3:00:00:63:4D:09,-58,127,4.0,5.5,1.5
1783594009856,2026-07-09 12:46:49.856,C3:00:00:63:4D:09,-54,127,4.0,5.5,1.5
1783594009959,2026-07-09 12:46:49.959,C3:00:00:63:4D:09,-66,127,4.0,5.5,1.5
1783594010070,2026-07-09 12:46:50.070,C3:00:00:63:4D:09,-58,127,4.0,5.5,1.5
1783594010171,2026-07-09 12:46:50.171,C3:00:00:63:4D:09,-54,127,4.0,5.5,1.5
1783594010383,2026-07-09 12:46:50.383,C3:00:00:63:4D:09,-58,127,4.0,5.5,1.5
1783594010483,2026-07-09 12:46:50.483,C3:00:00:63:4D:09,-54,127,4.0,5.5,1.5
1783594010588,2026-07-09 12:46:50.588,C3:00:00:63:4D:09,-64,127,4.0,5.5,1.5
1783594010629,2026-07-09 12:46:50.629,C3:00:00:63:4D:09,-58,127,4.0,5.5,1.5
1783594010693,2026-07-09 12:46:50.693,C3:00:00:63:4D:09,-58,127,4.0,5.5,1.5
1783594010720,2026-07-09 12:46:50.720,C3:00:00:63:4D:09,-61,127,4.0,5.5,1.5
1783594010799,2026-07-09 12:46:50.799,C3:00:00:63:4D:09,-54,127,4.0,5.5,1.5
1783594010902,2026-07-09 12:46:50.902,C3:00:00:63:4D:09,-68,127,4.0,5.5,1.5
1783594011002,2026-07-09 12:46:51.002,C3:00:00:63:4D:09,-58,127,4.0,5.5,1.5
1783594011103,2026-07-09 12:46:51.103,C3:00:00:63:4D:09,-54,127,4.0,5.5,1.5
1783594011131,2026-07-09 12:46:51.131,C3:00:00:63:4D:09,-63,127,4.0,5.5,1.5
1783594011311,2026-07-09 12:46:51.311,C3:00:00:63:4D:09,-58,127,4.0,5.5,1.5
1783594011622,2026-07-09 12:46:51.622,C3:00:00:63:4D:09,-54,127,4.0,5.5,1.5
1783594011738,2026-07-09 12:46:51.738,C3:00:00:63:4D:09,-65,127,4.0,5.5,1.5
1783594011839,2026-07-09 12:46:51.839,C3:00:00:63:4D:09,-58,127,4.0,5.5,1.5
1783594011940,2026-07-09 12:46:51.940,C3:00:00:63:4D:09,-54,127,4.0,5.5,1.5
1783594012038,2026-07-09 12:46:52.038,C3:00:00:63:4D:09,-65,127,4.0,5.5,1.5
1783594012140,2026-07-09 12:46:52.140,C3:00:00:63:4D:09,-58,127,4.0,5.5,1.5
1783594012247,2026-07-09 12:46:52.247,C3:00:00:63:4D:09,-54,127,4.0,5.5,1.5
1783594012350,2026-07-09 12:46:52.350,C3:00:00:63:4D:09,-65,127,4.0,5.5,1.5
1783594012455,2026-07-09 12:46:52.455,C3:00:00:63:4D:09,-58,127,4.0,5.5,1.5
1783594012560,2026-07-09 12:46:52.560,C3:00:00:63:4D:09,-54,127,4.0,5.5,1.5
1783594012632,2026-07-09 12:46:52.632,C3:00:00:63:4D:09,-65,127,4.0,5.5,1.5
1783594012662,2026-07-09 12:46:52.662,C3:00:00:63:4D:09,-63,127,4.0,5.5,1.5
1783594012768,2026-07-09 12:46:52.768,C3:00:00:63:4D:09,-57,127,4.0,5.5,1.5
1783594012983,2026-07-09 12:46:52.983,C3:00:00:63:4D:09,-63,127,4.0,5.5,1.5
1783594013076,2026-07-09 12:46:53.076,C3:00:00:63:4D:09,-57,127,4.0,5.5,1.5
1783594013147,2026-07-09 12:46:53.147,C3:00:00:63:4D:09,-54,127,4.0,5.5,1.5
1783594013191,2026-07-09 12:46:53.191,C3:00:00:63:4D:09,-54,127,4.0,5.5,1.5
1783594013299,2026-07-09 12:46:53.299,C3:00:00:63:4D:09,-65,127,4.0,5.5,1.5
1783594013393,2026-07-09 12:46:53.393,C3:00:00:63:4D:09,-58,127,4.0,5.5,1.5
1783594013700,2026-07-09 12:46:53.700,C3:00:00:63:4D:09,-58,127,4.0,5.5,1.5
1783594013813,2026-07-09 12:46:53.813,C3:00:00:63:4D:09,-54,127,4.0,5.5,1.5
1783594014015,2026-07-09 12:46:54.015,C3:00:00:63:4D:09,-54,127,4.0,5.5,1.5
1783594014334,2026-07-09 12:46:54.334,C3:00:00:63:4D:09,-54,127,4.0,5.5,1.5
1783594014542,2026-07-09 12:46:54.542,C3:00:00:63:4D:09,-58,127,4.0,5.5,1.5
1783594014633,2026-07-09 12:46:54.633,C3:00:00:63:4D:09,-54,127,4.0,5.5,1.5
1783594014736,2026-07-09 12:46:54.736,C3:00:00:63:4D:09,-73,127,4.0,5.5,1.5
1783594014960,2026-07-09 12:46:54.960,C3:00:00:63:4D:09,-54,127,4.0,5.5,1.5
1783594014976,2026-07-09 12:46:54.976,C3:00:00:63:4D:09,-54,127,4.0,5.5,1.5
1783594015154,2026-07-09 12:46:55.154,C3:00:00:63:4D:09,-58,127,4.0,5.5,1.5
1783594015178,2026-07-09 12:46:55.178,C3:00:00:63:4D:09,-57,127,4.0,5.5,1.5
1783594015370,2026-07-09 12:46:55.370,C3:00:00:63:4D:09,-66,127,4.0,5.5,1.5
1783594015479,2026-07-09 12:46:55.479,C3:00:00:63:4D:09,-57,127,4.0,5.5,1.5
1783594015791,2026-07-09 12:46:55.791,C3:00:00:63:4D:09,-57,127,4.0,5.5,1.5
1783594015886,2026-07-09 12:46:55.886,C3:00:00:63:4D:09,-54,127,4.0,5.5,1.5
1783594015992,2026-07-09 12:46:55.992,C3:00:00:63:4D:09,-64,127,4.0,5.5,1.5
1783594016099,2026-07-09 12:46:56.099,C3:00:00:63:4D:09,-57,127,4.0,5.5,1.5
1783594016210,2026-07-09 12:46:56.210,C3:00:00:63:4D:09,-54,127,4.0,5.5,1.5
1783594016308,2026-07-09 12:46:56.308,C3:00:00:63:4D:09,-66,127,4.0,5.5,1.5
1783594016412,2026-07-09 12:46:56.412,C3:00:00:63:4D:09,-57,127,4.0,5.5,1.5
1783594016517,2026-07-09 12:46:56.517,C3:00:00:63:4D:09,-67,127,4.0,5.5,1.5
1783594016626,2026-07-09 12:46:56.626,C3:00:00:63:4D:09,-57,127,4.0,5.5,1.5
1783594016645,2026-07-09 12:46:56.645,C3:00:00:63:4D:09,-58,127,4.0,5.5,1.5
1783594016831,2026-07-09 12:46:56.831,C3:00:00:63:4D:09,-64,127,4.0,5.5,1.5
1783594016934,2026-07-09 12:46:56.934,C3:00:00:63:4D:09,-57,127,4.0,5.5,1.5
1783594017044,2026-07-09 12:46:57.044,C3:00:00:63:4D:09,-54,127,4.0,5.5,1.5
1783594017177,2026-07-09 12:46:57.177,C3:00:00:63:4D:09,-63,127,4.0,5.5,1.5
1783594017658,2026-07-09 12:46:57.658,C3:00:00:63:4D:09,-54,127,4.0,5.5,1.5
1783594017977,2026-07-09 12:46:57.977,C3:00:00:63:4D:09,-54,127,4.0,5.5,1.5
1783594018081,2026-07-09 12:46:58.081,C3:00:00:63:4D:09,-65,127,4.0,5.5,1.5
1783594018187,2026-07-09 12:46:58.187,C3:00:00:63:4D:09,-58,127,4.0,5.5,1.5
1783594018289,2026-07-09 12:46:58.289,C3:00:00:63:4D:09,-54,127,4.0,5.5,1.5
1783594018390,2026-07-09 12:46:58.390,C3:00:00:63:4D:09,-66,127,4.0,5.5,1.5
1783594018590,2026-07-09 12:46:58.590,C3:00:00:63:4D:09,-54,127,4.0,5.5,1.5
1783594018645,2026-07-09 12:46:58.645,C3:00:00:63:4D:09,-65,127,4.0,5.5,1.5
1783594018804,2026-07-09 12:46:58.804,C3:00:00:63:4D:09,-58,127,4.0,5.5,1.5
1783594018902,2026-07-09 12:46:58.902,C3:00:00:63:4D:09,-54,127,4.0,5.5,1.5
1783594018966,2026-07-09 12:46:58.966,C3:00:00:63:4D:09,-65,127,4.0,5.5,1.5
1783594019120,2026-07-09 12:46:59.120,C3:00:00:63:4D:09,-54,127,4.0,5.5,1.5
1783594019175,2026-07-09 12:46:59.175,C3:00:00:63:4D:09,-54,127,4.0,5.5,1.5
1783594019219,2026-07-09 12:46:59.219,C3:00:00:63:4D:09,-65,127,4.0,5.5,1.5
1783594019329,2026-07-09 12:46:59.329,C3:00:00:63:4D:09,-58,127,4.0,5.5,1.5
1783594019534,2026-07-09 12:46:59.534,C3:00:00:63:4D:09,-65,127,4.0,5.5,1.5
1783594019640,2026-07-09 12:46:59.640,C3:00:00:63:4D:09,-58,127,4.0,5.5,1.5
1783594020053,2026-07-09 12:47:00.053,C3:00:00:63:4D:09,-54,127,4.0,5.5,1.5
1783594020155,2026-07-09 12:47:00.155,C3:00:00:63:4D:09,-65,127,4.0,5.5,1.5
1783594020263,2026-07-09 12:47:00.263,C3:00:00:63:4D:09,-58,127,4.0,5.5,1.5
1783594020467,2026-07-09 12:47:00.467,C3:00:00:63:4D:09,-65,127,4.0,5.5,1.5
1783594020774,2026-07-09 12:47:00.774,C3:00:00:63:4D:09,-65,127,4.0,5.5,1.5
1783594020881,2026-07-09 12:47:00.881,C3:00:00:63:4D:09,-58,127,4.0,5.5,1.5
1783594020980,2026-07-09 12:47:00.980,C3:00:00:63:4D:09,-54,127,4.0,5.5,1.5
1783594021086,2026-07-09 12:47:01.086,C3:00:00:63:4D:09,-65,127,4.0,5.5,1.5
1783594021186,2026-07-09 12:47:01.186,C3:00:00:63:4D:09,-58,127,4.0,5.5,1.5
1783594021209,2026-07-09 12:47:01.209,C3:00:00:63:4D:09,-54,127,4.0,5.5,1.5
1783594021398,2026-07-09 12:47:01.398,C3:00:00:63:4D:09,-65,127,4.0,5.5,1.5
1783594021615,2026-07-09 12:47:01.615,C3:00:00:63:4D:09,-65,127,4.0,5.5,1.5
1783594021818,2026-07-09 12:47:01.818,C3:00:00:63:4D:09,-54,127,4.0,5.5,1.5
1783594021927,2026-07-09 12:47:01.927,C3:00:00:63:4D:09,-65,127,4.0,5.5,1.5
1783594022029,2026-07-09 12:47:02.029,C3:00:00:63:4D:09,-58,127,4.0,5.5,1.5
1783594022130,2026-07-09 12:47:02.130,C3:00:00:63:4D:09,-54,127,4.0,5.5,1.5
1783594022232,2026-07-09 12:47:02.232,C3:00:00:63:4D:09,-63,127,4.0,5.5,1.5
1783594022331,2026-07-09 12:47:02.331,C3:00:00:63:4D:09,-57,127,4.0,5.5,1.5
1783594022445,2026-07-09 12:47:02.445,C3:00:00:63:4D:09,-54,127,4.0,5.5,1.5
1783594022545,2026-07-09 12:47:02.545,C3:00:00:63:4D:09,-65,127,4.0,5.5,1.5
1783594022675,2026-07-09 12:47:02.675,C3:00:00:63:4D:09,-58,127,4.0,5.5,1.5
1783594022748,2026-07-09 12:47:02.748,C3:00:00:63:4D:09,-54,127,4.0,5.5,1.5
1783594022774,2026-07-09 12:47:02.774,C3:00:00:63:4D:09,-61,127,4.0,5.5,1.5
1783594022863,2026-07-09 12:47:02.863,C3:00:00:63:4D:09,-65,127,4.0,5.5,1.5
1783594022958,2026-07-09 12:47:02.958,C3:00:00:63:4D:09,-57,127,4.0,5.5,1.5
1783594022976,2026-07-09 12:47:02.976,C3:00:00:63:4D:09,-57,127,4.0,5.5,1.5
1783594023060,2026-07-09 12:47:03.060,C3:00:00:63:4D:09,-54,127,4.0,5.5,1.5
1783594023171,2026-07-09 12:47:03.171,C3:00:00:63:4D:09,-65,127,4.0,5.5,1.5
1783594023191,2026-07-09 12:47:03.191,C3:00:00:63:4D:09,-65,127,4.0,5.5,1.5
1783594023268,2026-07-09 12:47:03.268,C3:00:00:63:4D:09,-58,127,4.0,5.5,1.5
1783594023598,2026-07-09 12:47:03.598,C3:00:00:63:4D:09,-58,127,4.0,5.5,1.5
1783594023699,2026-07-09 12:47:03.699,C3:00:00:63:4D:09,-54,127,4.0,5.5,1.5
1783594023791,2026-07-09 12:47:03.791,C3:00:00:63:4D:09,-63,127,4.0,5.5,1.5
1783594023900,2026-07-09 12:47:03.900,C3:00:00:63:4D:09,-57,127,4.0,5.5,1.5
1783594024004,2026-07-09 12:47:04.004,C3:00:00:63:4D:09,-54,127,4.0,5.5,1.5
1783594024213,2026-07-09 12:47:04.213,C3:00:00:63:4D:09,-54,127,4.0,5.5,1.5
1783594024413,2026-07-09 12:47:04.413,C3:00:00:63:4D:09,-58,127,4.0,5.5,1.5
1783594024732,2026-07-09 12:47:04.732,C3:00:00:63:4D:09,-57,127,4.0,5.5,1.5
1783594024839,2026-07-09 12:47:04.839,C3:00:00:63:4D:09,-54,127,4.0,5.5,1.5
1783594025043,2026-07-09 12:47:05.043,C3:00:00:63:4D:09,-58,127,4.0,5.5,1.5
1783594025204,2026-07-09 12:47:05.204,C3:00:00:63:4D:09,-54,127,4.0,5.5,1.5
1783594025461,2026-07-09 12:47:05.461,C3:00:00:63:4D:09,-54,127,4.0,5.5,1.5
1783594025561,2026-07-09 12:47:05.561,C3:00:00:63:4D:09,-65,127,4.0,5.5,1.5
1783594025770,2026-07-09 12:47:05.770,C3:00:00:63:4D:09,-54,127,4.0,5.5,1.5
1783594025887,2026-07-09 12:47:05.887,C3:00:00:63:4D:09,-65,127,4.0,5.5,1.5
1783594025978,2026-07-09 12:47:05.978,C3:00:00:63:4D:09,-58,127,4.0,5.5,1.5
1783594026402,2026-07-09 12:47:06.402,C3:00:00:63:4D:09,-54,127,4.0,5.5,1.5
1783594026499,2026-07-09 12:47:06.499,C3:00:00:63:4D:09,-65,127,4.0,5.5,1.5
1783594026604,2026-07-09 12:47:06.604,C3:00:00:63:4D:09,-58,127,4.0,5.5,1.5
1783594026714,2026-07-09 12:47:06.714,C3:00:00:63:4D:09,-65,127,4.0,5.5,1.5
1783594026780,2026-07-09 12:47:06.780,C3:00:00:63:4D:09,-73,127,4.0,5.5,1.5
1783594026813,2026-07-09 12:47:06.813,C3:00:00:63:4D:09,-57,127,4.0,5.5,1.5
1783594026911,2026-07-09 12:47:06.911,C3:00:00:63:4D:09,-54,127,4.0,5.5,1.5
1783594026981,2026-07-09 12:47:06.981,C3:00:00:63:4D:09,-54,127,4.0,5.5,1.5
1783594027026,2026-07-09 12:47:07.026,C3:00:00:63:4D:09,-65,127,4.0,5.5,1.5
1783594027125,2026-07-09 12:47:07.125,C3:00:00:63:4D:09,-58,127,4.0,5.5,1.5
1783594027209,2026-07-09 12:47:07.209,C3:00:00:63:4D:09,-54,127,4.0,5.5,1.5
1783594027230,2026-07-09 12:47:07.230,C3:00:00:63:4D:09,-54,127,4.0,5.5,1.5
1783594027327,2026-07-09 12:47:07.327,C3:00:00:63:4D:09,-63,127,4.0,5.5,1.5
1783594027431,2026-07-09 12:47:07.431,C3:00:00:63:4D:09,-58,127,4.0,5.5,1.5
1783594027542,2026-07-09 12:47:07.542,C3:00:00:63:4D:09,-54,127,4.0,5.5,1.5
1783594027640,2026-07-09 12:47:07.640,C3:00:00:63:4D:09,-63,127,4.0,5.5,1.5
1783594027742,2026-07-09 12:47:07.742,C3:00:00:63:4D:09,-58,127,4.0,5.5,1.5
1783594027957,2026-07-09 12:47:07.957,C3:00:00:63:4D:09,-63,127,4.0,5.5,1.5
1783594028057,2026-07-09 12:47:08.057,C3:00:00:63:4D:09,-57,127,4.0,5.5,1.5
1783594028370,2026-07-09 12:47:08.370,C3:00:00:63:4D:09,-58,127,4.0,5.5,1.5
1783594028475,2026-07-09 12:47:08.475,C3:00:00:63:4D:09,-54,127,4.0,5.5,1.5
1783594028671,2026-07-09 12:47:08.671,C3:00:00:63:4D:09,-57,127,4.0,5.5,1.5
1783594028690,2026-07-09 12:47:08.690,C3:00:00:63:4D:09,-57,127,4.0,5.5,1.5
1783594028798,2026-07-09 12:47:08.798,C3:00:00:63:4D:09,-54,127,4.0,5.5,1.5
1783594028898,2026-07-09 12:47:08.898,C3:00:00:63:4D:09,-63,127,4.0,5.5,1.5
1783594029003,2026-07-09 12:47:09.003,C3:00:00:63:4D:09,-57,127,4.0,5.5,1.5
1783594029223,2026-07-09 12:47:09.223,C3:00:00:63:4D:09,-65,127,4.0,5.5,1.5
1783594029228,2026-07-09 12:47:09.228,C3:00:00:63:4D:09,-57,127,4.0,5.5,1.5
1783594029725,2026-07-09 12:47:09.725,C3:00:00:63:4D:09,-63,127,4.0,5.5,1.5
1783594030135,2026-07-09 12:47:10.135,C3:00:00:63:4D:09,-56,127,4.0,5.5,1.5
1783594030350,2026-07-09 12:47:10.350,C3:00:00:63:4D:09,-65,127,4.0,5.5,1.5
1783594030459,2026-07-09 12:47:10.459,C3:00:00:63:4D:09,-58,127,4.0,5.5,1.5
1783594030563,2026-07-09 12:47:10.563,C3:00:00:63:4D:09,-54,127,4.0,5.5,1.5
1783594030685,2026-07-09 12:47:10.685,C3:00:00:63:4D:09,-63,127,4.0,5.5,1.5
1783594030761,2026-07-09 12:47:10.761,C3:00:00:63:4D:09,-57,127,4.0,5.5,1.5
1783594030799,2026-07-09 12:47:10.799,C3:00:00:63:4D:09,-65,127,4.0,5.5,1.5
1783594030869,2026-07-09 12:47:10.869,C3:00:00:63:4D:09,-54,127,4.0,5.5,1.5
1783594030973,2026-07-09 12:47:10.973,C3:00:00:63:4D:09,-63,127,4.0,5.5,1.5
1783594030987,2026-07-09 12:47:10.987,C3:00:00:63:4D:09,-63,127,4.0,5.5,1.5
1783594031070,2026-07-09 12:47:11.070,C3:00:00:63:4D:09,-57,127,4.0,5.5,1.5
1783594031180,2026-07-09 12:47:11.180,C3:00:00:63:4D:09,-54,127,4.0,5.5,1.5
1783594031238,2026-07-09 12:47:11.238,C3:00:00:63:4D:09,-65,127,4.0,5.5,1.5
1783594031290,2026-07-09 12:47:11.290,C3:00:00:63:4D:09,-65,127,4.0,5.5,1.5
1783594031392,2026-07-09 12:47:11.392,C3:00:00:63:4D:09,-58,127,4.0,5.5,1.5
1783594031591,2026-07-09 12:47:11.591,C3:00:00:63:4D:09,-65,127,4.0,5.5,1.5
1783594031700,2026-07-09 12:47:11.700,C3:00:00:63:4D:09,-58,127,4.0,5.5,1.5
1783594031805,2026-07-09 12:47:11.805,C3:00:00:63:4D:09,-54,127,4.0,5.5,1.5
1783594032013,2026-07-09 12:47:12.013,C3:00:00:63:4D:09,-54,127,4.0,5.5,1.5
1783594032121,2026-07-09 12:47:12.121,C3:00:00:63:4D:09,-65,127,4.0,5.5,1.5
1783594032222,2026-07-09 12:47:12.222,C3:00:00:63:4D:09,-58,127,4.0,5.5,1.5
1783594032315,2026-07-09 12:47:12.315,C3:00:00:63:4D:09,-54,127,4.0,5.5,1.5
1783594032422,2026-07-09 12:47:12.422,C3:00:00:63:4D:09,-65,127,4.0,5.5,1.5
1783594032531,2026-07-09 12:47:12.531,C3:00:00:63:4D:09,-58,127,4.0,5.5,1.5
1783594032640,2026-07-09 12:47:12.640,C3:00:00:63:4D:09,-54,127,4.0,5.5,1.5
1783594032668,2026-07-09 12:47:12.668,C3:00:00:63:4D:09,-54,127,4.0,5.5,1.5
1783594032847,2026-07-09 12:47:12.847,C3:00:00:63:4D:09,-58,127,4.0,5.5,1.5
1783594032943,2026-07-09 12:47:12.943,C3:00:00:63:4D:09,-54,127,4.0,5.5,1.5
1783594033153,2026-07-09 12:47:13.153,C3:00:00:63:4D:09,-58,127,4.0,5.5,1.5
1783594033268,2026-07-09 12:47:13.268,C3:00:00:63:4D:09,-54,127,4.0,5.5,1.5
1783594033370,2026-07-09 12:47:13.370,C3:00:00:63:4D:09,-65,127,4.0,5.5,1.5
1783594033463,2026-07-09 12:47:13.463,C3:00:00:63:4D:09,-58,127,4.0,5.5,1.5
1783594033777,2026-07-09 12:47:13.777,C3:00:00:63:4D:09,-58,127,4.0,5.5,1.5
1783594033886,2026-07-09 12:47:13.886,C3:00:00:63:4D:09,-54,127,4.0,5.5,1.5
1783594033989,2026-07-09 12:47:13.989,C3:00:00:63:4D:09,-66,127,4.0,5.5,1.5
1783594034197,2026-07-09 12:47:14.197,C3:00:00:63:4D:09,-54,127,4.0,5.5,1.5
1783594034415,2026-07-09 12:47:14.415,C3:00:00:63:4D:09,-58,127,4.0,5.5,1.5
1783594034504,2026-07-09 12:47:14.504,C3:00:00:63:4D:09,-54,127,4.0,5.5,1.5
1783594034678,2026-07-09 12:47:14.678,C3:00:00:63:4D:09,-58,127,4.0,5.5,1.5
1783594034717,2026-07-09 12:47:14.717,C3:00:00:63:4D:09,-54,127,4.0,5.5,1.5
1783594034814,2026-07-09 12:47:14.814,C3:00:00:63:4D:09,-74,127,4.0,5.5,1.5
1783594034836,2026-07-09 12:47:14.836,C3:00:00:63:4D:09,-66,127,4.0,5.5,1.5
1783594034923,2026-07-09 12:47:14.923,C3:00:00:63:4D:09,-57,127,4.0,5.5,1.5
1783594034983,2026-07-09 12:47:14.983,C3:00:00:63:4D:09,-58,127,4.0,5.5,1.5
1783594035028,2026-07-09 12:47:15.028,C3:00:00:63:4D:09,-54,127,4.0,5.5,1.5
1783594035232,2026-07-09 12:47:15.232,C3:00:00:63:4D:09,-57,127,4.0,5.5,1.5
1783594035258,2026-07-09 12:47:15.258,C3:00:00:63:4D:09,-58,127,4.0,5.5,1.5
1783594035338,2026-07-09 12:47:15.338,C3:00:00:63:4D:09,-54,127,4.0,5.5,1.5
1783594035651,2026-07-09 12:47:15.651,C3:00:00:63:4D:09,-54,127,4.0,5.5,1.5
1783594035758,2026-07-09 12:47:15.758,C3:00:00:63:4D:09,-67,127,4.0,5.5,1.5
1783594035863,2026-07-09 12:47:15.863,C3:00:00:63:4D:09,-58,127,4.0,5.5,1.5
1783594035959,2026-07-09 12:47:15.959,C3:00:00:63:4D:09,-54,127,4.0,5.5,1.5
1783594036065,2026-07-09 12:47:16.065,C3:00:00:63:4D:09,-67,127,4.0,5.5,1.5
1783594036171,2026-07-09 12:47:16.171,C3:00:00:63:4D:09,-57,127,4.0,5.5,1.5
1783594036379,2026-07-09 12:47:16.379,C3:00:00:63:4D:09,-66,127,4.0,5.5,1.5
1783594036485,2026-07-09 12:47:16.485,C3:00:00:63:4D:09,-57,127,4.0,5.5,1.5
1783594036597,2026-07-09 12:47:16.597,C3:00:00:63:4D:09,-54,127,4.0,5.5,1.5
1783594036691,2026-07-09 12:47:16.691,C3:00:00:63:4D:09,-67,127,4.0,5.5,1.5
1783594036902,2026-07-09 12:47:16.902,C3:00:00:63:4D:09,-54,127,4.0,5.5,1.5
1783594037008,2026-07-09 12:47:17.008,C3:00:00:63:4D:09,-67,127,4.0,5.5,1.5
1783594037121,2026-07-09 12:47:17.121,C3:00:00:63:4D:09,-54,127,4.0,5.5,1.5
1783594037225,2026-07-09 12:47:17.225,C3:00:00:63:4D:09,-65,127,4.0,5.5,1.5
1783594037268,2026-07-09 12:47:17.268,C3:00:00:63:4D:09,-65,127,4.0,5.5,1.5
1783594037317,2026-07-09 12:47:17.317,C3:00:00:63:4D:09,-58,127,4.0,5.5,1.5
1783594037533,2026-07-09 12:47:17.533,C3:00:00:63:4D:09,-66,127,4.0,5.5,1.5
1783594037846,2026-07-09 12:47:17.846,C3:00:00:63:4D:09,-65,127,4.0,5.5,1.5
1783594038042,2026-07-09 12:47:18.042,C3:00:00:63:4D:09,-54,127,4.0,5.5,1.5
1783594038254,2026-07-09 12:47:18.254,C3:00:00:63:4D:09,-58,127,4.0,5.5,1.5
1783594038356,2026-07-09 12:47:18.356,C3:00:00:63:4D:09,-54,127,4.0,5.5,1.5
1783594038465,2026-07-09 12:47:18.465,C3:00:00:63:4D:09,-65,127,4.0,5.5,1.5
1783594038557,2026-07-09 12:47:18.557,C3:00:00:63:4D:09,-58,127,4.0,5.5,1.5
1783594038667,2026-07-09 12:47:18.667,C3:00:00:63:4D:09,-54,127,4.0,5.5,1.5
1783594038693,2026-07-09 12:47:18.693,C3:00:00:63:4D:09,-54,127,4.0,5.5,1.5
1783594038830,2026-07-09 12:47:18.830,C3:00:00:63:4D:09,-65,127,4.0,5.5,1.5
1783594038984,2026-07-09 12:47:18.984,C3:00:00:63:4D:09,-54,127,4.0,5.5,1.5
1783594039193,2026-07-09 12:47:19.193,C3:00:00:63:4D:09,-58,127,4.0,5.5,1.5
1783594039279,2026-07-09 12:47:19.279,C3:00:00:63:4D:09,-54,127,4.0,5.5,1.5
1783594039303,2026-07-09 12:47:19.303,C3:00:00:63:4D:09,-52,127,4.0,5.5,1.5
1783594039397,2026-07-09 12:47:19.397,C3:00:00:63:4D:09,-67,127,4.0,5.5,1.5
1783594039505,2026-07-09 12:47:19.505,C3:00:00:63:4D:09,-57,127,4.0,5.5,1.5
1783594039607,2026-07-09 12:47:19.607,C3:00:00:63:4D:09,-54,127,4.0,5.5,1.5
1783594039709,2026-07-09 12:47:19.709,C3:00:00:63:4D:09,-66,127,4.0,5.5,1.5
1783594039816,2026-07-09 12:47:19.816,C3:00:00:63:4D:09,-54,127,4.0,5.5,1.5
1783594039913,2026-07-09 12:47:19.913,C3:00:00:63:4D:09,-66,127,4.0,5.5,1.5
1783594040020,2026-07-09 12:47:20.020,C3:00:00:63:4D:09,-58,127,4.0,5.5,1.5
1783594040131,2026-07-09 12:47:20.131,C3:00:00:63:4D:09,-54,127,4.0,5.5,1.5
1783594040442,2026-07-09 12:47:20.442,C3:00:00:63:4D:09,-54,127,4.0,5.5,1.5
1783594040641,2026-07-09 12:47:20.641,C3:00:00:63:4D:09,-58,127,4.0,5.5,1.5
1783594040854,2026-07-09 12:47:20.854,C3:00:00:63:4D:09,-66,127,4.0,5.5,1.5
1783594041179,2026-07-09 12:47:21.179,C3:00:00:63:4D:09,-70,127,4.0,5.5,1.5
1783594041374,2026-07-09 12:47:21.374,C3:00:00:63:4D:09,-54,127,4.0,5.5,1.5
1783594041473,2026-07-09 12:47:21.473,C3:00:00:63:4D:09,-70,127,4.0,5.5,1.5
1783594041579,2026-07-09 12:47:21.579,C3:00:00:63:4D:09,-58,127,4.0,5.5,1.5
1783594041680,2026-07-09 12:47:21.680,C3:00:00:63:4D:09,-54,127,4.0,5.5,1.5
1783594041896,2026-07-09 12:47:21.896,C3:00:00:63:4D:09,-58,127,4.0,5.5,1.5
1783594041997,2026-07-09 12:47:21.997,C3:00:00:63:4D:09,-54,127,4.0,5.5,1.5
1783594042203,2026-07-09 12:47:22.203,C3:00:00:63:4D:09,-57,127,4.0,5.5,1.5
1783594042425,2026-07-09 12:47:22.425,C3:00:00:63:4D:09,-58,127,4.0,5.5,1.5
1783594042624,2026-07-09 12:47:22.624,C3:00:00:63:4D:09,-68,127,4.0,5.5,1.5
1783594042696,2026-07-09 12:47:22.696,C3:00:00:63:4D:09,-67,127,4.0,5.5,1.5
1783594042826,2026-07-09 12:47:22.826,C3:00:00:63:4D:09,-54,127,4.0,5.5,1.5
1783594042845,2026-07-09 12:47:22.845,C3:00:00:63:4D:09,-61,127,4.0,5.5,1.5
1783594043002,2026-07-09 12:47:23.002,C3:00:00:63:4D:09,-68,127,4.0,5.5,1.5
1783594043032,2026-07-09 12:47:23.032,C3:00:00:63:4D:09,-58,127,4.0,5.5,1.5
1783594043249,2026-07-09 12:47:23.249,C3:00:00:63:4D:09,-70,127,4.0,5.5,1.5
1783594043357,2026-07-09 12:47:23.357,C3:00:00:63:4D:09,-58,127,4.0,5.5,1.5
1783594043455,2026-07-09 12:47:23.455,C3:00:00:63:4D:09,-54,127,4.0,5.5,1.5
1783594043561,2026-07-09 12:47:23.561,C3:00:00:63:4D:09,-67,127,4.0,5.5,1.5
1783594043658,2026-07-09 12:47:23.658,C3:00:00:63:4D:09,-58,127,4.0,5.5,1.5
1783594043767,2026-07-09 12:47:23.767,C3:00:00:63:4D:09,-54,127,4.0,5.5,1.5
1783594044079,2026-07-09 12:47:24.079,C3:00:00:63:4D:09,-54,127,4.0,5.5,1.5
1783594044182,2026-07-09 12:47:24.182,C3:00:00:63:4D:09,-64,127,4.0,5.5,1.5
1783594044285,2026-07-09 12:47:24.285,C3:00:00:63:4D:09,-58,127,4.0,5.5,1.5
1783594044733,2026-07-09 12:47:24.733,C3:00:00:63:4D:09,-66,127,4.0,5.5,1.5
1783594044807,2026-07-09 12:47:24.807,C3:00:00:63:4D:09,-66,127,4.0,5.5,1.5
1783594044907,2026-07-09 12:47:24.907,C3:00:00:63:4D:09,-57,127,4.0,5.5,1.5
1783594045015,2026-07-09 12:47:25.015,C3:00:00:63:4D:09,-64,127,4.0,5.5,1.5
1783594045116,2026-07-09 12:47:25.116,C3:00:00:63:4D:09,-58,127,4.0,5.5,1.5
1783594045222,2026-07-09 12:47:25.222,C3:00:00:63:4D:09,-54,127,4.0,5.5,1.5
1783594045327,2026-07-09 12:47:25.327,C3:00:00:63:4D:09,-65,127,4.0,5.5,1.5
1783594045427,2026-07-09 12:47:25.427,C3:00:00:63:4D:09,-58,127,4.0,5.5,1.5
1783594045744,2026-07-09 12:47:25.744,C3:00:00:63:4D:09,-58,127,4.0,5.5,1.5
1783594045854,2026-07-09 12:47:25.854,C3:00:00:63:4D:09,-54,127,4.0,5.5,1.5
1783594045948,2026-07-09 12:47:25.948,C3:00:00:63:4D:09,-64,127,4.0,5.5,1.5
1783594046051,2026-07-09 12:47:26.051,C3:00:00:63:4D:09,-58,127,4.0,5.5,1.5
1783594046151,2026-07-09 12:47:26.151,C3:00:00:63:4D:09,-54,127,4.0,5.5,1.5
1783594046260,2026-07-09 12:47:26.260,C3:00:00:63:4D:09,-63,127,4.0,5.5,1.5
1783594046364,2026-07-09 12:47:26.364,C3:00:00:63:4D:09,-57,127,4.0,5.5,1.5
1783594046676,2026-07-09 12:47:26.676,C3:00:00:63:4D:09,-58,127,4.0,5.5,1.5
1783594046782,2026-07-09 12:47:26.782,C3:00:00:63:4D:09,-54,127,4.0,5.5,1.5
1783594046987,2026-07-09 12:47:26.987,C3:00:00:63:4D:09,-58,127,4.0,5.5,1.5
1783594047006,2026-07-09 12:47:27.006,C3:00:00:63:4D:09,-58,127,4.0,5.5,1.5
1783594047097,2026-07-09 12:47:27.097,C3:00:00:63:4D:09,-54,127,4.0,5.5,1.5
1783594047196,2026-07-09 12:47:27.196,C3:00:00:63:4D:09,-66,127,4.0,5.5,1.5
1783594047298,2026-07-09 12:47:27.298,C3:00:00:63:4D:09,-58,127,4.0,5.5,1.5
1783594047321,2026-07-09 12:47:27.321,C3:00:00:63:4D:09,-54,127,4.0,5.5,1.5
1783594047404,2026-07-09 12:47:27.404,C3:00:00:63:4D:09,-54,127,4.0,5.5,1.5
1783594047504,2026-07-09 12:47:27.504,C3:00:00:63:4D:09,-66,127,4.0,5.5,1.5
1783594047614,2026-07-09 12:47:27.614,C3:00:00:63:4D:09,-54,127,4.0,5.5,1.5
1783594047721,2026-07-09 12:47:27.721,C3:00:00:63:4D:09,-66,127,4.0,5.5,1.5
1783594047823,2026-07-09 12:47:27.823,C3:00:00:63:4D:09,-58,127,4.0,5.5,1.5
1783594047920,2026-07-09 12:47:27.920,C3:00:00:63:4D:09,-54,127,4.0,5.5,1.5
1783594048032,2026-07-09 12:47:28.032,C3:00:00:63:4D:09,-64,127,4.0,5.5,1.5
1783594048127,2026-07-09 12:47:28.127,C3:00:00:63:4D:09,-58,127,4.0,5.5,1.5
1783594048239,2026-07-09 12:47:28.239,C3:00:00:63:4D:09,-54,127,4.0,5.5,1.5
1783594048442,2026-07-09 12:47:28.442,C3:00:00:63:4D:09,-58,127,4.0,5.5,1.5
1783594048555,2026-07-09 12:47:28.555,C3:00:00:63:4D:09,-54,127,4.0,5.5,1.5
1783594048657,2026-07-09 12:47:28.657,C3:00:00:63:4D:09,-66,127,4.0,5.5,1.5
1783594048704,2026-07-09 12:47:28.704,C3:00:00:63:4D:09,-66,127,4.0,5.5,1.5
1783594048855,2026-07-09 12:47:28.855,C3:00:00:63:4D:09,-54,127,4.0,5.5,1.5
1783594048976,2026-07-09 12:47:28.976,C3:00:00:63:4D:09,-66,127,4.0,5.5,1.5
1783594049072,2026-07-09 12:47:29.072,C3:00:00:63:4D:09,-58,127,4.0,5.5,1.5
1783594049176,2026-07-09 12:47:29.176,C3:00:00:63:4D:09,-54,127,4.0,5.5,1.5
1783594049277,2026-07-09 12:47:29.277,C3:00:00:63:4D:09,-64,127,4.0,5.5,1.5
1783594049322,2026-07-09 12:47:29.322,C3:00:00:63:4D:09,-58,127,4.0,5.5,1.5
1783594049488,2026-07-09 12:47:29.488,C3:00:00:63:4D:09,-54,127,4.0,5.5,1.5
1783594049588,2026-07-09 12:47:29.588,C3:00:00:63:4D:09,-66,127,4.0,5.5,1.5
1783594049695,2026-07-09 12:47:29.695,C3:00:00:63:4D:09,-58,127,4.0,5.5,1.5
1783594049805,2026-07-09 12:47:29.805,C3:00:00:63:4D:09,-54,127,4.0,5.5,1.5
1783594049913,2026-07-09 12:47:29.913,C3:00:00:63:4D:09,-66,127,4.0,5.5,1.5
1783594050008,2026-07-09 12:47:30.008,C3:00:00:63:4D:09,-58,127,4.0,5.5,1.5
1783594050119,2026-07-09 12:47:30.119,C3:00:00:63:4D:09,-66,127,4.0,5.5,1.5
1783594050324,2026-07-09 12:47:30.324,C3:00:00:63:4D:09,-54,127,4.0,5.5,1.5
1783594050429,2026-07-09 12:47:30.429,C3:00:00:63:4D:09,-66,127,4.0,5.5,1.5
1783594050531,2026-07-09 12:47:30.531,C3:00:00:63:4D:09,-58,127,4.0,5.5,1.5
1783594050630,2026-07-09 12:47:30.630,C3:00:00:63:4D:09,-54,127,4.0,5.5,1.5
1783594050710,2026-07-09 12:47:30.710,C3:00:00:63:4D:09,-54,127,4.0,5.5,1.5
1783594050853,2026-07-09 12:47:30.853,C3:00:00:63:4D:09,-58,127,4.0,5.5,1.5
1783594050951,2026-07-09 12:47:30.951,C3:00:00:63:4D:09,-54,127,4.0,5.5,1.5
1783594051007,2026-07-09 12:47:31.007,C3:00:00:63:4D:09,-54,127,4.0,5.5,1.5
1783594051337,2026-07-09 12:47:31.337,C3:00:00:63:4D:09,-66,127,4.0,5.5,1.5
1783594051363,2026-07-09 12:47:31.363,C3:00:00:63:4D:09,-66,127,4.0,5.5,1.5
1783594051462,2026-07-09 12:47:31.462,C3:00:00:63:4D:09,-58,127,4.0,5.5,1.5
1783594051568,2026-07-09 12:47:31.568,C3:00:00:63:4D:09,-54,127,4.0,5.5,1.5
1783594051669,2026-07-09 12:47:31.669,C3:00:00:63:4D:09,-66,127,4.0,5.5,1.5
1783594051886,2026-07-09 12:47:31.886,C3:00:00:63:4D:09,-54,127,4.0,5.5,1.5
1783594051987,2026-07-09 12:47:31.987,C3:00:00:63:4D:09,-66,127,4.0,5.5,1.5
1783594052192,2026-07-09 12:47:32.192,C3:00:00:63:4D:09,-54,127,4.0,5.5,1.5
1783594052505,2026-07-09 12:47:32.505,C3:00:00:63:4D:09,-54,127,4.0,5.5,1.5
1783594052708,2026-07-09 12:47:32.708,C3:00:00:63:4D:09,-58,127,4.0,5.5,1.5
1783594052723,2026-07-09 12:47:32.723,C3:00:00:63:4D:09,-54,127,4.0,5.5,1.5
1783594052817,2026-07-09 12:47:32.817,C3:00:00:63:4D:09,-66,127,4.0,5.5,1.5
1783594053018,2026-07-09 12:47:33.018,C3:00:00:63:4D:09,-54,127,4.0,5.5,1.5
1783594053342,2026-07-09 12:47:33.342,C3:00:00:63:4D:09,-54,127,4.0,5.5,1.5
1783594053358,2026-07-09 12:47:33.358,C3:00:00:63:4D:09,-54,127,4.0,5.5,1.5
1783594053540,2026-07-09 12:47:33.540,C3:00:00:63:4D:09,-58,127,4.0,5.5,1.5
1783594053643,2026-07-09 12:47:33.643,C3:00:00:63:4D:09,-54,127,4.0,5.5,1.5
1783594053755,2026-07-09 12:47:33.755,C3:00:00:63:4D:09,-66,127,4.0,5.5,1.5
1783594053860,2026-07-09 12:47:33.860,C3:00:00:63:4D:09,-58,127,4.0,5.5,1.5
1783594054168,2026-07-09 12:47:34.168,C3:00:00:63:4D:09,-58,127,4.0,5.5,1.5
1783594054263,2026-07-09 12:47:34.263,C3:00:00:63:4D:09,-54,127,4.0,5.5,1.5
1783594054695,2026-07-09 12:47:34.695,C3:00:00:63:4D:09,-67,127,4.0,5.5,1.5
1783594054719,2026-07-09 12:47:34.719,C3:00:00:63:4D:09,-58,127,4.0,5.5,1.5
1783594054889,2026-07-09 12:47:34.889,C3:00:00:63:4D:09,-61,127,4.0,5.5,1.5
1783594054916,2026-07-09 12:47:34.916,C3:00:00:63:4D:09,-54,127,4.0,5.5,1.5
1783594055211,2026-07-09 12:47:35.211,C3:00:00:63:4D:09,-54,127,4.0,5.5,1.5
1783594055320,2026-07-09 12:47:35.320,C3:00:00:63:4D:09,-58,127,4.0,5.5,1.5
1783594055521,2026-07-09 12:47:35.521,C3:00:00:63:4D:09,-67,127,4.0,5.5,1.5
1783594055620,2026-07-09 12:47:35.620,C3:00:00:63:4D:09,-58,127,4.0,5.5,1.5
1783594055723,2026-07-09 12:47:35.723,C3:00:00:63:4D:09,-54,127,4.0,5.5,1.5
1783594055929,2026-07-09 12:47:35.929,C3:00:00:63:4D:09,-58,127,4.0,5.5,1.5
1783594056033,2026-07-09 12:47:36.033,C3:00:00:63:4D:09,-54,127,4.0,5.5,1.5
1783594056145,2026-07-09 12:47:36.145,C3:00:00:63:4D:09,-67,127,4.0,5.5,1.5
1783594056242,2026-07-09 12:47:36.242,C3:00:00:63:4D:09,-57,127,4.0,5.5,1.5
1783594056462,2026-07-09 12:47:36.462,C3:00:00:63:4D:09,-67,127,4.0,5.5,1.5
1783594056553,2026-07-09 12:47:36.553,C3:00:00:63:4D:09,-58,127,4.0,5.5,1.5
1783594056664,2026-07-09 12:47:36.664,C3:00:00:63:4D:09,-54,127,4.0,5.5,1.5
1783594056772,2026-07-09 12:47:36.772,C3:00:00:63:4D:09,-68,127,4.0,5.5,1.5
1783594056869,2026-07-09 12:47:36.869,C3:00:00:63:4D:09,-58,127,4.0,5.5,1.5
1783594056975,2026-07-09 12:47:36.975,C3:00:00:63:4D:09,-54,127,4.0,5.5,1.5
1783594057077,2026-07-09 12:47:37.077,C3:00:00:63:4D:09,-66,127,4.0,5.5,1.5
1783594057186,2026-07-09 12:47:37.186,C3:00:00:63:4D:09,-58,127,4.0,5.5,1.5
1783594057385,2026-07-09 12:47:37.385,C3:00:00:63:4D:09,-66,127,4.0,5.5,1.5
1783594057600,2026-07-09 12:47:37.600,C3:00:00:63:4D:09,-54,127,4.0,5.5,1.5
1783594057711,2026-07-09 12:47:37.711,C3:00:00:63:4D:09,-66,127,4.0,5.5,1.5
1783594057808,2026-07-09 12:47:37.808,C3:00:00:63:4D:09,-58,127,4.0,5.5,1.5
1783594057916,2026-07-09 12:47:37.916,C3:00:00:63:4D:09,-66,127,4.0,5.5,1.5
1783594058226,2026-07-09 12:47:38.226,C3:00:00:63:4D:09,-66,127,4.0,5.5,1.5
1783594058324,2026-07-09 12:47:38.324,C3:00:00:63:4D:09,-58,127,4.0,5.5,1.5
1783594058432,2026-07-09 12:47:38.432,C3:00:00:63:4D:09,-54,127,4.0,5.5,1.5
1783594058535,2026-07-09 12:47:38.535,C3:00:00:63:4D:09,-66,127,4.0,5.5,1.5
1783594058632,2026-07-09 12:47:38.632,C3:00:00:63:4D:09,-58,127,4.0,5.5,1.5
1783594058726,2026-07-09 12:47:38.726,C3:00:00:63:4D:09,-54,127,4.0,5.5,1.5
1783594058748,2026-07-09 12:47:38.748,C3:00:00:63:4D:09,-54,127,4.0,5.5,1.5
1783594058848,2026-07-09 12:47:38.848,C3:00:00:63:4D:09,-66,127,4.0,5.5,1.5
1783594058906,2026-07-09 12:47:38.906,C3:00:00:63:4D:09,-74,127,4.0,5.5,1.5
1783594059010,2026-07-09 12:47:39.010,C3:00:00:63:4D:09,-58,127,4.0,5.5,1.5
1783594059072,2026-07-09 12:47:39.072,C3:00:00:63:4D:09,-54,127,4.0,5.5,1.5
1783594059162,2026-07-09 12:47:39.162,C3:00:00:63:4D:09,-66,127,4.0,5.5,1.5
1783594059262,2026-07-09 12:47:39.262,C3:00:00:63:4D:09,-58,127,4.0,5.5,1.5
1783594059479,2026-07-09 12:47:39.479,C3:00:00:63:4D:09,-64,127,4.0,5.5,1.5
1783594059573,2026-07-09 12:47:39.573,C3:00:00:63:4D:09,-57,127,4.0,5.5,1.5
1783594059683,2026-07-09 12:47:39.683,C3:00:00:63:4D:09,-54,127,4.0,5.5,1.5
1783594060407,2026-07-09 12:47:40.407,C3:00:00:63:4D:09,-66,127,4.0,5.5,1.5
1783594060614,2026-07-09 12:47:40.614,C3:00:00:63:4D:09,-66,127,4.0,5.5,1.5
1783594060728,2026-07-09 12:47:40.728,C3:00:00:63:4D:09,-58,127,4.0,5.5,1.5
1783594060745,2026-07-09 12:47:40.745,C3:00:00:63:4D:09,-58,127,4.0,5.5,1.5
1783594060827,2026-07-09 12:47:40.827,C3:00:00:63:4D:09,-54,127,4.0,5.5,1.5
1783594061041,2026-07-09 12:47:41.041,C3:00:00:63:4D:09,-58,127,4.0,5.5,1.5
1783594061141,2026-07-09 12:47:41.141,C3:00:00:63:4D:09,-54,127,4.0,5.5,1.5
1783594061345,2026-07-09 12:47:41.345,C3:00:00:63:4D:09,-58,127,4.0,5.5,1.5
1783594061450,2026-07-09 12:47:41.450,C3:00:00:63:4D:09,-54,127,4.0,5.5,1.5
1783594061557,2026-07-09 12:47:41.557,C3:00:00:63:4D:09,-66,127,4.0,5.5,1.5
1783594061667,2026-07-09 12:47:41.667,C3:00:00:63:4D:09,-58,127,4.0,5.5,1.5
1783594061760,2026-07-09 12:47:41.760,C3:00:00:63:4D:09,-54,127,4.0,5.5,1.5
1783594061871,2026-07-09 12:47:41.871,C3:00:00:63:4D:09,-67,127,4.0,5.5,1.5
1783594061969,2026-07-09 12:47:41.969,C3:00:00:63:4D:09,-58,127,4.0,5.5,1.5
1783594062180,2026-07-09 12:47:42.180,C3:00:00:63:4D:09,-64,127,4.0,5.5,1.5
1783594062381,2026-07-09 12:47:42.381,C3:00:00:63:4D:09,-54,127,4.0,5.5,1.5
1783594062590,2026-07-09 12:47:42.590,C3:00:00:63:4D:09,-58,127,4.0,5.5,1.5
1783594062693,2026-07-09 12:47:42.693,C3:00:00:63:4D:09,-54,127,4.0,5.5,1.5
1783594062731,2026-07-09 12:47:42.731,C3:00:00:63:4D:09,-66,127,4.0,5.5,1.5
1783594062809,2026-07-09 12:47:42.809,C3:00:00:63:4D:09,-66,127,4.0,5.5,1.5
1783594062916,2026-07-09 12:47:42.916,C3:00:00:63:4D:09,-61,127,4.0,5.5,1.5
1783594063005,2026-07-09 12:47:43.005,C3:00:00:63:4D:09,-54,127,4.0,5.5,1.5
1783594063029,2026-07-09 12:47:43.029,C3:00:00:63:4D:09,-66,127,4.0,5.5,1.5
1783594063113,2026-07-09 12:47:43.113,C3:00:00:63:4D:09,-58,127,4.0,5.5,1.5
1783594063218,2026-07-09 12:47:43.218,C3:00:00:63:4D:09,-54,127,4.0,5.5,1.5
1783594063320,2026-07-09 12:47:43.320,C3:00:00:63:4D:09,-64,127,4.0,5.5,1.5
1783594063400,2026-07-09 12:47:43.400,C3:00:00:63:4D:09,-64,127,4.0,5.5,1.5
1783594063635,2026-07-09 12:47:43.635,C3:00:00:63:4D:09,-66,127,4.0,5.5,1.5
1783594063730,2026-07-09 12:47:43.730,C3:00:00:63:4D:09,-58,127,4.0,5.5,1.5
1783594063839,2026-07-09 12:47:43.839,C3:00:00:63:4D:09,-54,127,4.0,5.5,1.5
1783594063938,2026-07-09 12:47:43.938,C3:00:00:63:4D:09,-66,127,4.0,5.5,1.5
1783594064050,2026-07-09 12:47:44.050,C3:00:00:63:4D:09,-58,127,4.0,5.5,1.5
1783594064151,2026-07-09 12:47:44.151,C3:00:00:63:4D:09,-54,127,4.0,5.5,1.5
1783594064463,2026-07-09 12:47:44.463,C3:00:00:63:4D:09,-54,127,4.0,5.5,1.5
1783594064738,2026-07-09 12:47:44.738,C3:00:00:63:4D:09,-54,127,4.0,5.5,1.5
1783594064779,2026-07-09 12:47:44.779,C3:00:00:63:4D:09,-54,127,4.0,5.5,1.5
1783594065091,2026-07-09 12:47:45.091,C3:00:00:63:4D:09,-54,127,4.0,5.5,1.5
1783594065202,2026-07-09 12:47:45.202,C3:00:00:63:4D:09,-64,127,4.0,5.5,1.5
1783594065312,2026-07-09 12:47:45.312,C3:00:00:63:4D:09,-57,127,4.0,5.5,1.5
1783594065399,2026-07-09 12:47:45.399,C3:00:00:63:4D:09,-54,127,4.0,5.5,1.5
1783594065418,2026-07-09 12:47:45.418,C3:00:00:63:4D:09,-66,127,4.0,5.5,1.5
1783594065504,2026-07-09 12:47:45.504,C3:00:00:63:4D:09,-66,127,4.0,5.5,1.5
1783594065607,2026-07-09 12:47:45.607,C3:00:00:63:4D:09,-58,127,4.0,5.5,1.5
1783594065716,2026-07-09 12:47:45.716,C3:00:00:63:4D:09,-67,127,4.0,5.5,1.5
1783594066019,2026-07-09 12:47:46.019,C3:00:00:63:4D:09,-67,127,4.0,5.5,1.5
1783594066348,2026-07-09 12:47:46.348,C3:00:00:63:4D:09,-66,127,4.0,5.5,1.5
1783594066738,2026-07-09 12:47:46.738,C3:00:00:63:4D:09,-57,127,4.0,5.5,1.5
1783594066859,2026-07-09 12:47:46.859,C3:00:00:63:4D:09,-54,127,4.0,5.5,1.5
1783594066938,2026-07-09 12:47:46.938,C3:00:00:63:4D:09,-74,127,4.0,5.5,1.5
1783594067018,2026-07-09 12:47:47.018,C3:00:00:63:4D:09,-58,127,4.0,5.5,1.5
1783594067059,2026-07-09 12:47:47.059,C3:00:00:63:4D:09,-58,127,4.0,5.5,1.5
1783594067169,2026-07-09 12:47:47.169,C3:00:00:63:4D:09,-54,127,4.0,5.5,1.5
1783594067475,2026-07-09 12:47:47.475,C3:00:00:63:4D:09,-54,127,4.0,5.5,1.5
1783594067592,2026-07-09 12:47:47.592,C3:00:00:63:4D:09,-67,127,4.0,5.5,1.5
1783594067687,2026-07-09 12:47:47.687,C3:00:00:63:4D:09,-58,127,4.0,5.5,1.5
1783594067791,2026-07-09 12:47:47.791,C3:00:00:63:4D:09,-54,127,4.0,5.5,1.5
1783594067896,2026-07-09 12:47:47.896,C3:00:00:63:4D:09,-67,127,4.0,5.5,1.5
1783594068101,2026-07-09 12:47:48.101,C3:00:00:63:4D:09,-54,127,4.0,5.5,1.5
1783594068311,2026-07-09 12:47:48.311,C3:00:00:63:4D:09,-57,127,4.0,5.5,1.5
1783594068525,2026-07-09 12:47:48.525,C3:00:00:63:4D:09,-57,127,4.0,5.5,1.5
1783594068627,2026-07-09 12:47:48.627,C3:00:00:63:4D:09,-54,127,4.0,5.5,1.5
1783594068729,2026-07-09 12:47:48.729,C3:00:00:63:4D:09,-64,127,4.0,5.5,1.5
1783594068760,2026-07-09 12:47:48.760,C3:00:00:63:4D:09,-64,127,4.0,5.5,1.5
1783594068941,2026-07-09 12:47:48.941,C3:00:00:63:4D:09,-54,127,4.0,5.5,1.5
1783594069040,2026-07-09 12:47:49.040,C3:00:00:63:4D:09,-66,127,4.0,5.5,1.5
1783594069145,2026-07-09 12:47:49.145,C3:00:00:63:4D:09,-58,127,4.0,5.5,1.5
1783594069248,2026-07-09 12:47:49.248,C3:00:00:63:4D:09,-54,127,4.0,5.5,1.5
1783594069435,2026-07-09 12:47:49.435,C3:00:00:63:4D:09,-58,127,4.0,5.5,1.5
1783594069454,2026-07-09 12:47:49.454,C3:00:00:63:4D:09,-58,127,4.0,5.5,1.5
1783594069564,2026-07-09 12:47:49.564,C3:00:00:63:4D:09,-54,127,4.0,5.5,1.5
1783594069680,2026-07-09 12:47:49.680,C3:00:00:63:4D:09,-67,127,4.0,5.5,1.5
1783594069763,2026-07-09 12:47:49.763,C3:00:00:63:4D:09,-58,127,4.0,5.5,1.5
1783594070078,2026-07-09 12:47:50.078,C3:00:00:63:4D:09,-58,127,4.0,5.5,1.5
1783594070189,2026-07-09 12:47:50.189,C3:00:00:63:4D:09,-54,127,4.0,5.5,1.5
1783594070395,2026-07-09 12:47:50.395,C3:00:00:63:4D:09,-58,127,4.0,5.5,1.5
1783594070497,2026-07-09 12:47:50.497,C3:00:00:63:4D:09,-54,127,4.0,5.5,1.5
1783594070608,2026-07-09 12:47:50.608,C3:00:00:63:4D:09,-64,127,4.0,5.5,1.5
1783594070748,2026-07-09 12:47:50.748,C3:00:00:63:4D:09,-54,127,4.0,5.5,1.5
1783594070913,2026-07-09 12:47:50.913,C3:00:00:63:4D:09,-58,127,4.0,5.5,1.5
1783594070953,2026-07-09 12:47:50.953,C3:00:00:63:4D:09,-65,127,4.0,5.5,1.5
1783594071020,2026-07-09 12:47:51.020,C3:00:00:63:4D:09,-54,127,4.0,5.5,1.5
1783594071047,2026-07-09 12:47:51.047,C3:00:00:63:4D:09,-54,127,4.0,5.5,1.5
1783594071325,2026-07-09 12:47:51.325,C3:00:00:63:4D:09,-54,127,4.0,5.5,1.5
1783594071436,2026-07-09 12:47:51.436,C3:00:00:63:4D:09,-67,127,4.0,5.5,1.5
1783594071459,2026-07-09 12:47:51.459,C3:00:00:63:4D:09,-67,127,4.0,5.5,1.5
1783594071534,2026-07-09 12:47:51.534,C3:00:00:63:4D:09,-58,127,4.0,5.5,1.5
1783594071643,2026-07-09 12:47:51.643,C3:00:00:63:4D:09,-54,127,4.0,5.5,1.5
1783594071746,2026-07-09 12:47:51.746,C3:00:00:63:4D:09,-67,127,4.0,5.5,1.5
1783594072056,2026-07-09 12:47:52.056,C3:00:00:63:4D:09,-64,127,4.0,5.5,1.5
1783594072363,2026-07-09 12:47:52.363,C3:00:00:63:4D:09,-64,127,4.0,5.5,1.5
1783594072577,2026-07-09 12:47:52.577,C3:00:00:63:4D:09,-54,127,4.0,5.5,1.5
1783594072685,2026-07-09 12:47:52.685,C3:00:00:63:4D:09,-66,127,4.0,5.5,1.5
1783594072758,2026-07-09 12:47:52.758,C3:00:00:63:4D:09,-58,127,4.0,5.5,1.5
1783594072889,2026-07-09 12:47:52.889,C3:00:00:63:4D:09,-54,127,4.0,5.5,1.5
1783594073102,2026-07-09 12:47:53.102,C3:00:00:63:4D:09,-58,127,4.0,5.5,1.5
1783594073206,2026-07-09 12:47:53.206,C3:00:00:63:4D:09,-54,127,4.0,5.5,1.5
1783594073303,2026-07-09 12:47:53.303,C3:00:00:63:4D:09,-64,127,4.0,5.5,1.5
1783594073447,2026-07-09 12:47:53.447,C3:00:00:63:4D:09,-54,127,4.0,5.5,1.5
1783594073511,2026-07-09 12:47:53.511,C3:00:00:63:4D:09,-64,127,4.0,5.5,1.5
1783594073617,2026-07-09 12:47:53.617,C3:00:00:63:4D:09,-57,127,4.0,5.5,1.5
1783594073729,2026-07-09 12:47:53.729,C3:00:00:63:4D:09,-54,127,4.0,5.5,1.5
1783594073835,2026-07-09 12:47:53.835,C3:00:00:63:4D:09,-66,127,4.0,5.5,1.5
1783594073927,2026-07-09 12:47:53.927,C3:00:00:63:4D:09,-58,127,4.0,5.5,1.5
1783594074028,2026-07-09 12:47:54.028,C3:00:00:63:4D:09,-54,127,4.0,5.5,1.5
1783594074244,2026-07-09 12:47:54.244,C3:00:00:63:4D:09,-58,127,4.0,5.5,1.5
1783594074448,2026-07-09 12:47:54.448,C3:00:00:63:4D:09,-68,127,4.0,5.5,1.5
1783594074662,2026-07-09 12:47:54.662,C3:00:00:63:4D:09,-54,127,4.0,5.5,1.5
1783594074754,2026-07-09 12:47:54.754,C3:00:00:63:4D:09,-67,127,4.0,5.5,1.5
1783594074783,2026-07-09 12:47:54.783,C3:00:00:63:4D:09,-68,127,4.0,5.5,1.5
1783594074866,2026-07-09 12:47:54.866,C3:00:00:63:4D:09,-58,127,4.0,5.5,1.5
1783594074968,2026-07-09 12:47:54.968,C3:00:00:63:4D:09,-60,127,4.0,5.5,1.5
1783594075076,2026-07-09 12:47:55.076,C3:00:00:63:4D:09,-65,127,4.0,5.5,1.5
1783594075175,2026-07-09 12:47:55.175,C3:00:00:63:4D:09,-57,127,4.0,5.5,1.5
1783594075387,2026-07-09 12:47:55.387,C3:00:00:63:4D:09,-68,127,4.0,5.5,1.5
1783594075453,2026-07-09 12:47:55.453,C3:00:00:63:4D:09,-58,127,4.0,5.5,1.5
1783594075601,2026-07-09 12:47:55.601,C3:00:00:63:4D:09,-55,127,4.0,5.5,1.5
1783594075698,2026-07-09 12:47:55.698,C3:00:00:63:4D:09,-68,127,4.0,5.5,1.5
1783594075797,2026-07-09 12:47:55.797,C3:00:00:63:4D:09,-58,127,4.0,5.5,1.5
1783594075908,2026-07-09 12:47:55.908,C3:00:00:63:4D:09,-54,127,4.0,5.5,1.5
1783594076011,2026-07-09 12:47:56.011,C3:00:00:63:4D:09,-68,127,4.0,5.5,1.5
1783594076125,2026-07-09 12:47:56.125,C3:00:00:63:4D:09,-54,127,4.0,5.5,1.5
1783594076226,2026-07-09 12:47:56.226,C3:00:00:63:4D:09,-65,127,4.0,5.5,1.5
1783594076317,2026-07-09 12:47:56.317,C3:00:00:63:4D:09,-57,127,4.0,5.5,1.5
1783594076433,2026-07-09 12:47:56.433,C3:00:00:63:4D:09,-54,127,4.0,5.5,1.5
1783594076531,2026-07-09 12:47:56.531,C3:00:00:63:4D:09,-65,127,4.0,5.5,1.5
1783594076632,2026-07-09 12:47:56.632,C3:00:00:63:4D:09,-58,127,4.0,5.5,1.5
1783594076734,2026-07-09 12:47:56.734,C3:00:00:63:4D:09,-54,127,4.0,5.5,1.5
1783594076765,2026-07-09 12:47:56.765,C3:00:00:63:4D:09,-54,127,4.0,5.5,1.5
1783594076857,2026-07-09 12:47:56.857,C3:00:00:63:4D:09,-68,127,4.0,5.5,1.5
1783594077051,2026-07-09 12:47:57.051,C3:00:00:63:4D:09,-54,127,4.0,5.5,1.5
1783594077260,2026-07-09 12:47:57.260,C3:00:00:63:4D:09,-58,127,4.0,5.5,1.5
1783594077359,2026-07-09 12:47:57.359,C3:00:00:63:4D:09,-54,127,4.0,5.5,1.5
1783594077488,2026-07-09 12:47:57.488,C3:00:00:63:4D:09,-67,127,4.0,5.5,1.5
1783594077563,2026-07-09 12:47:57.563,C3:00:00:63:4D:09,-58,127,4.0,5.5,1.5
1783594077674,2026-07-09 12:47:57.674,C3:00:00:63:4D:09,-54,127,4.0,5.5,1.5
1783594077778,2026-07-09 12:47:57.778,C3:00:00:63:4D:09,-67,127,4.0,5.5,1.5
1783594077877,2026-07-09 12:47:57.877,C3:00:00:63:4D:09,-58,127,4.0,5.5,1.5
1783594077986,2026-07-09 12:47:57.986,C3:00:00:63:4D:09,-54,127,4.0,5.5,1.5
1783594078093,2026-07-09 12:47:58.093,C3:00:00:63:4D:09,-64,127,4.0,5.5,1.5
1783594078405,2026-07-09 12:47:58.405,C3:00:00:63:4D:09,-67,127,4.0,5.5,1.5
1783594078507,2026-07-09 12:47:58.507,C3:00:00:63:4D:09,-58,127,4.0,5.5,1.5
1783594078609,2026-07-09 12:47:58.609,C3:00:00:63:4D:09,-54,127,4.0,5.5,1.5
1783594078711,2026-07-09 12:47:58.711,C3:00:00:63:4D:09,-67,127,4.0,5.5,1.5
1783594078817,2026-07-09 12:47:58.817,C3:00:00:63:4D:09,-54,127,4.0,5.5,1.5
1783594078919,2026-07-09 12:47:58.919,C3:00:00:63:4D:09,-67,127,4.0,5.5,1.5
1783594078995,2026-07-09 12:47:58.995,C3:00:00:63:4D:09,-74,127,4.0,5.5,1.5
1783594079022,2026-07-09 12:47:59.022,C3:00:00:63:4D:09,-58,127,4.0,5.5,1.5
1783594079047,2026-07-09 12:47:59.047,C3:00:00:63:4D:09,-58,127,4.0,5.5,1.5
1783594079133,2026-07-09 12:47:59.133,C3:00:00:63:4D:09,-54,127,4.0,5.5,1.5
1783594079229,2026-07-09 12:47:59.229,C3:00:00:63:4D:09,-66,127,4.0,5.5,1.5
1783594079335,2026-07-09 12:47:59.335,C3:00:00:63:4D:09,-58,127,4.0,5.5,1.5
1783594079447,2026-07-09 12:47:59.447,C3:00:00:63:4D:09,-54,127,4.0,5.5,1.5
1783594079476,2026-07-09 12:47:59.476,C3:00:00:63:4D:09,-54,127,4.0,5.5,1.5
1783594079548,2026-07-09 12:47:59.548,C3:00:00:63:4D:09,-67,127,4.0,5.5,1.5
1783594079653,2026-07-09 12:47:59.653,C3:00:00:63:4D:09,-57,127,4.0,5.5,1.5
1783594079758,2026-07-09 12:47:59.758,C3:00:00:63:4D:09,-54,127,4.0,5.5,1.5
1783594079866,2026-07-09 12:47:59.866,C3:00:00:63:4D:09,-66,127,4.0,5.5,1.5
1783594079961,2026-07-09 12:47:59.961,C3:00:00:63:4D:09,-58,127,4.0,5.5,1.5
1783594080065,2026-07-09 12:48:00.065,C3:00:00:63:4D:09,-54,127,4.0,5.5,1.5
1783594080282,2026-07-09 12:48:00.282,C3:00:00:63:4D:09,-58,127,4.0,5.5,1.5
1783594080389,2026-07-09 12:48:00.389,C3:00:00:63:4D:09,-54,127,4.0,5.5,1.5
1783594080487,2026-07-09 12:48:00.487,C3:00:00:63:4D:09,-67,127,4.0,5.5,1.5
1783594080592,2026-07-09 12:48:00.592,C3:00:00:63:4D:09,-57,127,4.0,5.5,1.5
1783594080785,2026-07-09 12:48:00.785,C3:00:00:63:4D:09,-66,127,4.0,5.5,1.5
1783594080901,2026-07-09 12:48:00.901,C3:00:00:63:4D:09,-58,127,4.0,5.5,1.5
1783594081011,2026-07-09 12:48:01.011,C3:00:00:63:4D:09,-54,127,4.0,5.5,1.5
1783594081315,2026-07-09 12:48:01.315,C3:00:00:63:4D:09,-66,127,4.0,5.5,1.5
1783594081492,2026-07-09 12:48:01.492,C3:00:00:63:4D:09,-58,127,4.0,5.5,1.5
1783594081531,2026-07-09 12:48:01.531,C3:00:00:63:4D:09,-54,127,4.0,5.5,1.5
1783594081732,2026-07-09 12:48:01.732,C3:00:00:63:4D:09,-58,127,4.0,5.5,1.5
1783594081947,2026-07-09 12:48:01.947,C3:00:00:63:4D:09,-66,127,4.0,5.5,1.5
1783594082044,2026-07-09 12:48:02.044,C3:00:00:63:4D:09,-58,127,4.0,5.5,1.5
1783594082570,2026-07-09 12:48:02.570,C3:00:00:63:4D:09,-64,127,4.0,5.5,1.5
1783594082776,2026-07-09 12:48:02.776,C3:00:00:63:4D:09,-54,127,4.0,5.5,1.5
1783594082872,2026-07-09 12:48:02.872,C3:00:00:63:4D:09,-64,127,4.0,5.5,1.5
1783594082982,2026-07-09 12:48:02.982,C3:00:00:63:4D:09,-58,127,4.0,5.5,1.5
1783594082998,2026-07-09 12:48:02.998,C3:00:00:63:4D:09,-65,127,4.0,5.5,1.5
1783594083035,2026-07-09 12:48:03.035,C3:00:00:63:4D:09,-54,127,4.0,5.5,1.5
1783594083085,2026-07-09 12:48:03.085,C3:00:00:63:4D:09,-54,127,4.0,5.5,1.5
1783594083194,2026-07-09 12:48:03.194,C3:00:00:63:4D:09,-64,127,4.0,5.5,1.5
1783594083282,2026-07-09 12:48:03.282,C3:00:00:63:4D:09,-58,127,4.0,5.5,1.5
1783594083401,2026-07-09 12:48:03.401,C3:00:00:63:4D:09,-54,127,4.0,5.5,1.5
1783594083499,2026-07-09 12:48:03.499,C3:00:00:63:4D:09,-67,127,4.0,5.5,1.5
1783594083516,2026-07-09 12:48:03.516,C3:00:00:63:4D:09,-58,127,4.0,5.5,1.5
1783594083605,2026-07-09 12:48:03.605,C3:00:00:63:4D:09,-58,127,4.0,5.5,1.5
1783594083707,2026-07-09 12:48:03.707,C3:00:00:63:4D:09,-54,127,4.0,5.5,1.5
1783594083809,2026-07-09 12:48:03.809,C3:00:00:63:4D:09,-64,127,4.0,5.5,1.5
1783594083914,2026-07-09 12:48:03.914,C3:00:00:63:4D:09,-54,127,4.0,5.5,1.5
1783594084121,2026-07-09 12:48:04.121,C3:00:00:63:4D:09,-58,127,4.0,5.5,1.5
1783594084226,2026-07-09 12:48:04.226,C3:00:00:63:4D:09,-54,127,4.0,5.5,1.5
1783594084328,2026-07-09 12:48:04.328,C3:00:00:63:4D:09,-67,127,4.0,5.5,1.5
1783594084436,2026-07-09 12:48:04.436,C3:00:00:63:4D:09,-58,127,4.0,5.5,1.5
1783594084640,2026-07-09 12:48:04.640,C3:00:00:63:4D:09,-67,127,4.0,5.5,1.5
1783594084782,2026-07-09 12:48:04.782,C3:00:00:63:4D:09,-58,127,4.0,5.5,1.5
1783594084852,2026-07-09 12:48:04.852,C3:00:00:63:4D:09,-54,127,4.0,5.5,1.5
1783594084957,2026-07-09 12:48:04.957,C3:00:00:63:4D:09,-69,127,4.0,5.5,1.5
1783594085162,2026-07-09 12:48:05.162,C3:00:00:63:4D:09,-54,127,4.0,5.5,1.5
1783594085266,2026-07-09 12:48:05.266,C3:00:00:63:4D:09,-70,127,4.0,5.5,1.5
1783594085377,2026-07-09 12:48:05.377,C3:00:00:63:4D:09,-58,127,4.0,5.5,1.5
1783594085508,2026-07-09 12:48:05.508,C3:00:00:63:4D:09,-54,127,4.0,5.5,1.5
1783594085695,2026-07-09 12:48:05.695,C3:00:00:63:4D:09,-58,127,4.0,5.5,1.5
1783594085888,2026-07-09 12:48:05.888,C3:00:00:63:4D:09,-68,127,4.0,5.5,1.5
1783594086404,2026-07-09 12:48:06.404,C3:00:00:63:4D:09,-54,127,4.0,5.5,1.5
1783594086508,2026-07-09 12:48:06.508,C3:00:00:63:4D:09,-69,127,4.0,5.5,1.5
1783594086616,2026-07-09 12:48:06.616,C3:00:00:63:4D:09,-54,127,4.0,5.5,1.5
1783594086778,2026-07-09 12:48:06.778,C3:00:00:63:4D:09,-68,127,4.0,5.5,1.5
1783594086929,2026-07-09 12:48:06.929,C3:00:00:63:4D:09,-54,127,4.0,5.5,1.5
1783594087048,2026-07-09 12:48:07.048,C3:00:00:63:4D:09,-68,127,4.0,5.5,1.5
1783594087246,2026-07-09 12:48:07.246,C3:00:00:63:4D:09,-54,127,4.0,5.5,1.5
1783594087344,2026-07-09 12:48:07.344,C3:00:00:63:4D:09,-68,127,4.0,5.5,1.5
1783594087457,2026-07-09 12:48:07.457,C3:00:00:63:4D:09,-58,127,4.0,5.5,1.5
1783594087520,2026-07-09 12:48:07.520,C3:00:00:63:4D:09,-54,127,4.0,5.5,1.5
1783594087760,2026-07-09 12:48:07.760,C3:00:00:63:4D:09,-58,127,4.0,5.5,1.5
1783594087971,2026-07-09 12:48:07.971,C3:00:00:63:4D:09,-67,127,4.0,5.5,1.5
1783594088175,2026-07-09 12:48:08.175,C3:00:00:63:4D:09,-54,127,4.0,5.5,1.5
1783594088277,2026-07-09 12:48:08.277,C3:00:00:63:4D:09,-67,127,4.0,5.5,1.5
1783594088388,2026-07-09 12:48:08.388,C3:00:00:63:4D:09,-58,127,4.0,5.5,1.5
1783594088487,2026-07-09 12:48:08.487,C3:00:00:63:4D:09,-54,127,4.0,5.5,1.5
1783594088795,2026-07-09 12:48:08.795,C3:00:00:63:4D:09,-54,127,4.0,5.5,1.5
1783594088804,2026-07-09 12:48:08.804,C3:00:00:63:4D:09,-54,127,4.0,5.5,1.5
1783594088906,2026-07-09 12:48:08.906,C3:00:00:63:4D:09,-65,127,4.0,5.5,1.5
1783594089011,2026-07-09 12:48:09.011,C3:00:00:63:4D:09,-56,127,4.0,5.5,1.5
1783594089121,2026-07-09 12:48:09.121,C3:00:00:63:4D:09,-68,127,4.0,5.5,1.5
1783594089213,2026-07-09 12:48:09.213,C3:00:00:63:4D:09,-58,127,4.0,5.5,1.5
1783594089325,2026-07-09 12:48:09.325,C3:00:00:63:4D:09,-54,127,4.0,5.5,1.5
1783594089436,2026-07-09 12:48:09.436,C3:00:00:63:4D:09,-68,127,4.0,5.5,1.5
1783594089642,2026-07-09 12:48:09.642,C3:00:00:63:4D:09,-54,127,4.0,5.5,1.5
1783594089751,2026-07-09 12:48:09.751,C3:00:00:63:4D:09,-68,127,4.0,5.5,1.5
1783594089845,2026-07-09 12:48:09.845,C3:00:00:63:4D:09,-57,127,4.0,5.5,1.5
1783594090051,2026-07-09 12:48:10.051,C3:00:00:63:4D:09,-68,127,4.0,5.5,1.5
1783594090157,2026-07-09 12:48:10.157,C3:00:00:63:4D:09,-58,127,4.0,5.5,1.5
1783594090260,2026-07-09 12:48:10.260,C3:00:00:63:4D:09,-54,127,4.0,5.5,1.5
1783594090365,2026-07-09 12:48:10.365,C3:00:00:63:4D:09,-68,127,4.0,5.5,1.5
1783594090475,2026-07-09 12:48:10.475,C3:00:00:63:4D:09,-57,127,4.0,5.5,1.5
1783594090569,2026-07-09 12:48:10.569,C3:00:00:63:4D:09,-54,127,4.0,5.5,1.5
1783594090804,2026-07-09 12:48:10.804,C3:00:00:63:4D:09,-58,127,4.0,5.5,1.5
1783594090879,2026-07-09 12:48:10.879,C3:00:00:63:4D:09,-54,127,4.0,5.5,1.5
1783594090981,2026-07-09 12:48:10.981,C3:00:00:63:4D:09,-68,127,4.0,5.5,1.5
1783594091032,2026-07-09 12:48:11.032,C3:00:00:63:4D:09,-65,127,4.0,5.5,1.5
1783594091092,2026-07-09 12:48:11.092,C3:00:00:63:4D:09,-58,127,4.0,5.5,1.5
1783594091196,2026-07-09 12:48:11.196,C3:00:00:63:4D:09,-54,127,4.0,5.5,1.5
1783594091305,2026-07-09 12:48:11.305,C3:00:00:63:4D:09,-65,127,4.0,5.5,1.5
1783594091509,2026-07-09 12:48:11.509,C3:00:00:63:4D:09,-54,127,4.0,5.5,1.5
1783594091549,2026-07-09 12:48:11.549,C3:00:00:63:4D:09,-65,127,4.0,5.5,1.5
1783594091617,2026-07-09 12:48:11.617,C3:00:00:63:4D:09,-58,127,4.0,5.5,1.5
1783594091826,2026-07-09 12:48:11.826,C3:00:00:63:4D:09,-68,127,4.0,5.5,1.5
1783594091927,2026-07-09 12:48:11.927,C3:00:00:63:4D:09,-58,127,4.0,5.5,1.5
1783594092025,2026-07-09 12:48:12.025,C3:00:00:63:4D:09,-54,127,4.0,5.5,1.5
1783594092131,2026-07-09 12:48:12.131,C3:00:00:63:4D:09,-65,127,4.0,5.5,1.5
1783594092239,2026-07-09 12:48:12.239,C3:00:00:63:4D:09,-58,127,4.0,5.5,1.5
1783594092332,2026-07-09 12:48:12.332,C3:00:00:63:4D:09,-54,127,4.0,5.5,1.5
1783594092440,2026-07-09 12:48:12.440,C3:00:00:63:4D:09,-65,127,4.0,5.5,1.5
1783594092547,2026-07-09 12:48:12.547,C3:00:00:63:4D:09,-58,127,4.0,5.5,1.5
1783594092654,2026-07-09 12:48:12.654,C3:00:00:63:4D:09,-54,127,4.0,5.5,1.5
1783594092759,2026-07-09 12:48:12.759,C3:00:00:63:4D:09,-68,127,4.0,5.5,1.5
1783594092799,2026-07-09 12:48:12.799,C3:00:00:63:4D:09,-68,127,4.0,5.5,1.5
1783594092857,2026-07-09 12:48:12.857,C3:00:00:63:4D:09,-58,127,4.0,5.5,1.5
1783594093172,2026-07-09 12:48:13.172,C3:00:00:63:4D:09,-57,127,4.0,5.5,1.5
1783594093271,2026-07-09 12:48:13.271,C3:00:00:63:4D:09,-54,127,4.0,5.5,1.5
1783594093380,2026-07-09 12:48:13.380,C3:00:00:63:4D:09,-68,127,4.0,5.5,1.5
1783594093546,2026-07-09 12:48:13.546,C3:00:00:63:4D:09,-54,127,4.0,5.5,1.5
1783594093896,2026-07-09 12:48:13.896,C3:00:00:63:4D:09,-54,127,4.0,5.5,1.5
1783594094000,2026-07-09 12:48:14.000,C3:00:00:63:4D:09,-65,127,4.0,5.5,1.5
1783594094106,2026-07-09 12:48:14.106,C3:00:00:63:4D:09,-58,127,4.0,5.5,1.5
1783594094419,2026-07-09 12:48:14.419,C3:00:00:63:4D:09,-55,127,4.0,5.5,1.5
1783594094626,2026-07-09 12:48:14.626,C3:00:00:63:4D:09,-58,127,4.0,5.5,1.5
1783594094800,2026-07-09 12:48:14.800,C3:00:00:63:4D:09,-54,127,4.0,5.5,1.5
1783594094837,2026-07-09 12:48:14.837,C3:00:00:63:4D:09,-69,127,4.0,5.5,1.5
1783594095047,2026-07-09 12:48:15.047,C3:00:00:63:4D:09,-54,127,4.0,5.5,1.5
1783594095066,2026-07-09 12:48:15.066,C3:00:00:63:4D:09,-60,127,4.0,5.5,1.5
1783594095091,2026-07-09 12:48:15.091,C3:00:00:63:4D:09,-54,127,4.0,5.5,1.5
1783594095249,2026-07-09 12:48:15.249,C3:00:00:63:4D:09,-58,127,4.0,5.5,1.5
1783594095352,2026-07-09 12:48:15.352,C3:00:00:63:4D:09,-54,127,4.0,5.5,1.5
1783594095453,2026-07-09 12:48:15.453,C3:00:00:63:4D:09,-66,127,4.0,5.5,1.5
1783594095676,2026-07-09 12:48:15.676,C3:00:00:63:4D:09,-54,127,4.0,5.5,1.5
1783594095774,2026-07-09 12:48:15.774,C3:00:00:63:4D:09,-69,127,4.0,5.5,1.5
1783594095873,2026-07-09 12:48:15.873,C3:00:00:63:4D:09,-57,127,4.0,5.5,1.5
1783594095982,2026-07-09 12:48:15.982,C3:00:00:63:4D:09,-54,127,4.0,5.5,1.5
1783594096087,2026-07-09 12:48:16.087,C3:00:00:63:4D:09,-69,127,4.0,5.5,1.5
1783594096185,2026-07-09 12:48:16.185,C3:00:00:63:4D:09,-58,127,4.0,5.5,1.5
1783594096304,2026-07-09 12:48:16.304,C3:00:00:63:4D:09,-54,127,4.0,5.5,1.5
1783594096399,2026-07-09 12:48:16.399,C3:00:00:63:4D:09,-69,127,4.0,5.5,1.5
1783594096500,2026-07-09 12:48:16.500,C3:00:00:63:4D:09,-57,127,4.0,5.5,1.5
1783594096603,2026-07-09 12:48:16.603,C3:00:00:63:4D:09,-54,127,4.0,5.5,1.5
1783594097021,2026-07-09 12:48:17.021,C3:00:00:63:4D:09,-58,127,4.0,5.5,1.5
1783594097127,2026-07-09 12:48:17.127,C3:00:00:63:4D:09,-54,127,4.0,5.5,1.5
1783594097344,2026-07-09 12:48:17.344,C3:00:00:63:4D:09,-57,127,4.0,5.5,1.5
1783594097434,2026-07-09 12:48:17.434,C3:00:00:63:4D:09,-54,127,4.0,5.5,1.5
1783594097545,2026-07-09 12:48:17.545,C3:00:00:63:4D:09,-68,127,4.0,5.5,1.5
1783594097571,2026-07-09 12:48:17.571,C3:00:00:63:4D:09,-67,127,4.0,5.5,1.5
1783594097954,2026-07-09 12:48:17.954,C3:00:00:63:4D:09,-58,127,4.0,5.5,1.5
1783594098167,2026-07-09 12:48:18.167,C3:00:00:63:4D:09,-68,127,4.0,5.5,1.5
1783594098373,2026-07-09 12:48:18.373,C3:00:00:63:4D:09,-54,127,4.0,5.5,1.5
1783594098583,2026-07-09 12:48:18.583,C3:00:00:63:4D:09,-56,127,4.0,5.5,1.5
1783594098682,2026-07-09 12:48:18.682,C3:00:00:63:4D:09,-54,127,4.0,5.5,1.5
1783594098792,2026-07-09 12:48:18.792,C3:00:00:63:4D:09,-68,127,4.0,5.5,1.5
1783594099001,2026-07-09 12:48:19.001,C3:00:00:63:4D:09,-54,127,4.0,5.5,1.5
1783594099055,2026-07-09 12:48:19.055,C3:00:00:63:4D:09,-64,127,4.0,5.5,1.5
1783594099105,2026-07-09 12:48:19.105,C3:00:00:63:4D:09,-65,127,4.0,5.5,1.5
1783594099209,2026-07-09 12:48:19.209,C3:00:00:63:4D:09,-57,127,4.0,5.5,1.5
1783594099306,2026-07-09 12:48:19.306,C3:00:00:63:4D:09,-54,127,4.0,5.5,1.5
1783594099514,2026-07-09 12:48:19.514,C3:00:00:63:4D:09,-54,127,4.0,5.5,1.5
1783594099592,2026-07-09 12:48:19.592,C3:00:00:63:4D:09,-54,127,4.0,5.5,1.5
1783594099619,2026-07-09 12:48:19.619,C3:00:00:63:4D:09,-68,127,4.0,5.5,1.5
1783594099824,2026-07-09 12:48:19.824,C3:00:00:63:4D:09,-54,127,4.0,5.5,1.5
1783594099941,2026-07-09 12:48:19.941,C3:00:00:63:4D:09,-68,127,4.0,5.5,1.5
1783594100042,2026-07-09 12:48:20.042,C3:00:00:63:4D:09,-58,127,4.0,5.5,1.5
1783594100133,2026-07-09 12:48:20.133,C3:00:00:63:4D:09,-54,127,4.0,5.5,1.5
1783594100351,2026-07-09 12:48:20.351,C3:00:00:63:4D:09,-58,127,4.0,5.5,1.5
1783594100771,2026-07-09 12:48:20.771,C3:00:00:63:4D:09,-54,127,4.0,5.5,1.5
1783594100816,2026-07-09 12:48:20.816,C3:00:00:63:4D:09,-64,127,4.0,5.5,1.5
1783594100873,2026-07-09 12:48:20.873,C3:00:00:63:4D:09,-68,127,4.0,5.5,1.5
1783594100972,2026-07-09 12:48:20.972,C3:00:00:63:4D:09,-57,127,4.0,5.5,1.5
1783594101079,2026-07-09 12:48:21.079,C3:00:00:63:4D:09,-54,127,4.0,5.5,1.5
1783594101286,2026-07-09 12:48:21.286,C3:00:00:63:4D:09,-58,127,4.0,5.5,1.5
1783594101396,2026-07-09 12:48:21.396,C3:00:00:63:4D:09,-54,127,4.0,5.5,1.5
1783594101490,2026-07-09 12:48:21.490,C3:00:00:63:4D:09,-68,127,4.0,5.5,1.5
1783594101588,2026-07-09 12:48:21.588,C3:00:00:63:4D:09,-58,127,4.0,5.5,1.5
1783594101614,2026-07-09 12:48:21.614,C3:00:00:63:4D:09,-54,127,4.0,5.5,1.5
1783594101700,2026-07-09 12:48:21.700,C3:00:00:63:4D:09,-54,127,4.0,5.5,1.5
1783594101809,2026-07-09 12:48:21.809,C3:00:00:63:4D:09,-65,127,4.0,5.5,1.5
1783594101913,2026-07-09 12:48:21.913,C3:00:00:63:4D:09,-57,127,4.0,5.5,1.5
1783594102018,2026-07-09 12:48:22.018,C3:00:00:63:4D:09,-65,127,4.0,5.5,1.5
1783594102324,2026-07-09 12:48:22.324,C3:00:00:63:4D:09,-68,127,4.0,5.5,1.5
1783594102424,2026-07-09 12:48:22.424,C3:00:00:63:4D:09,-58,127,4.0,5.5,1.5
1783594102637,2026-07-09 12:48:22.637,C3:00:00:63:4D:09,-65,127,4.0,5.5,1.5
1783594102821,2026-07-09 12:48:22.821,C3:00:00:63:4D:09,-54,127,4.0,5.5,1.5
1783594102842,2026-07-09 12:48:22.842,C3:00:00:63:4D:09,-54,127,4.0,5.5,1.5
1783594103059,2026-07-09 12:48:23.059,C3:00:00:63:4D:09,-57,127,4.0,5.5,1.5
1783594103097,2026-07-09 12:48:23.097,C3:00:00:63:4D:09,-65,127,4.0,5.5,1.5
1783594103153,2026-07-09 12:48:23.153,C3:00:00:63:4D:09,-52,127,4.0,5.5,1.5
1783594103263,2026-07-09 12:48:23.263,C3:00:00:63:4D:09,-68,127,4.0,5.5,1.5
1783594103370,2026-07-09 12:48:23.370,C3:00:00:63:4D:09,-58,127,4.0,5.5,1.5
1783594103475,2026-07-09 12:48:23.475,C3:00:00:63:4D:09,-54,127,4.0,5.5,1.5
1783594103790,2026-07-09 12:48:23.790,C3:00:00:63:4D:09,-54,127,4.0,5.5,1.5
1783594103994,2026-07-09 12:48:23.994,C3:00:00:63:4D:09,-58,127,4.0,5.5,1.5
1783594104097,2026-07-09 12:48:24.097,C3:00:00:63:4D:09,-54,127,4.0,5.5,1.5
1783594104203,2026-07-09 12:48:24.203,C3:00:00:63:4D:09,-68,127,4.0,5.5,1.5
1783594104308,2026-07-09 12:48:24.308,C3:00:00:63:4D:09,-58,127,4.0,5.5,1.5
1783594104406,2026-07-09 12:48:24.406,C3:00:00:63:4D:09,-54,127,4.0,5.5,1.5
1783594104606,2026-07-09 12:48:24.606,C3:00:00:63:4D:09,-57,127,4.0,5.5,1.5
1783594104719,2026-07-09 12:48:24.719,C3:00:00:63:4D:09,-68,127,4.0,5.5,1.5
1783594104822,2026-07-09 12:48:24.822,C3:00:00:63:4D:09,-58,127,4.0,5.5,1.5
1783594105021,2026-07-09 12:48:25.021,C3:00:00:63:4D:09,-68,127,4.0,5.5,1.5
1783594105133,2026-07-09 12:48:25.133,C3:00:00:63:4D:09,-58,127,4.0,5.5,1.5
1783594105244,2026-07-09 12:48:25.244,C3:00:00:63:4D:09,-54,127,4.0,5.5,1.5
1783594105344,2026-07-09 12:48:25.344,C3:00:00:63:4D:09,-68,127,4.0,5.5,1.5
1783594105620,2026-07-09 12:48:25.620,C3:00:00:63:4D:09,-65,127,4.0,5.5,1.5
1783594105647,2026-07-09 12:48:25.647,C3:00:00:63:4D:09,-65,127,4.0,5.5,1.5
1783594105755,2026-07-09 12:48:25.755,C3:00:00:63:4D:09,-58,127,4.0,5.5,1.5
1783594105865,2026-07-09 12:48:25.865,C3:00:00:63:4D:09,-54,127,4.0,5.5,1.5
1783594105968,2026-07-09 12:48:25.968,C3:00:00:63:4D:09,-68,127,4.0,5.5,1.5
1783594106070,2026-07-09 12:48:26.070,C3:00:00:63:4D:09,-58,127,4.0,5.5,1.5
1783594106174,2026-07-09 12:48:26.174,C3:00:00:63:4D:09,-54,127,4.0,5.5,1.5
1783594106277,2026-07-09 12:48:26.277,C3:00:00:63:4D:09,-68,127,4.0,5.5,1.5
1783594106382,2026-07-09 12:48:26.382,C3:00:00:63:4D:09,-58,127,4.0,5.5,1.5
1783594106488,2026-07-09 12:48:26.488,C3:00:00:63:4D:09,-53,127,4.0,5.5,1.5
1783594106588,2026-07-09 12:48:26.588,C3:00:00:63:4D:09,-65,127,4.0,5.5,1.5
1783594106685,2026-07-09 12:48:26.685,C3:00:00:63:4D:09,-57,127,4.0,5.5,1.5
1783594106801,2026-07-09 12:48:26.801,C3:00:00:63:4D:09,-54,127,4.0,5.5,1.5
1783594106831,2026-07-09 12:48:26.831,C3:00:00:63:4D:09,-65,127,4.0,5.5,1.5
1783594106904,2026-07-09 12:48:26.904,C3:00:00:63:4D:09,-65,127,4.0,5.5,1.5
1783594107010,2026-07-09 12:48:27.010,C3:00:00:63:4D:09,-58,127,4.0,5.5,1.5
1783594107116,2026-07-09 12:48:27.116,C3:00:00:63:4D:09,-68,127,4.0,5.5,1.5
1783594107320,2026-07-09 12:48:27.320,C3:00:00:63:4D:09,-54,127,4.0,5.5,1.5
1783594107419,2026-07-09 12:48:27.419,C3:00:00:63:4D:09,-65,127,4.0,5.5,1.5
1783594107522,2026-07-09 12:48:27.522,C3:00:00:63:4D:09,-57,127,4.0,5.5,1.5
1783594107630,2026-07-09 12:48:27.630,C3:00:00:63:4D:09,-54,127,4.0,5.5,1.5
1783594107650,2026-07-09 12:48:27.650,C3:00:00:63:4D:09,-54,127,4.0,5.5,1.5
1783594107835,2026-07-09 12:48:27.835,C3:00:00:63:4D:09,-58,127,4.0,5.5,1.5
1783594107954,2026-07-09 12:48:27.954,C3:00:00:63:4D:09,-54,127,4.0,5.5,1.5
1783594108052,2026-07-09 12:48:28.052,C3:00:00:63:4D:09,-65,127,4.0,5.5,1.5
1783594108153,2026-07-09 12:48:28.153,C3:00:00:63:4D:09,-57,127,4.0,5.5,1.5
1783594108469,2026-07-09 12:48:28.469,C3:00:00:63:4D:09,-57,127,4.0,5.5,1.5
1783594108836,2026-07-09 12:48:28.836,C3:00:00:63:4D:09,-54,127,4.0,5.5,1.5
1783594108889,2026-07-09 12:48:28.889,C3:00:00:63:4D:09,-54,127,4.0,5.5,1.5
1783594108994,2026-07-09 12:48:28.994,C3:00:00:63:4D:09,-68,127,4.0,5.5,1.5
1783594109187,2026-07-09 12:48:29.187,C3:00:00:63:4D:09,-54,127,4.0,5.5,1.5
1783594109301,2026-07-09 12:48:29.301,C3:00:00:63:4D:09,-68,127,4.0,5.5,1.5
1783594109401,2026-07-09 12:48:29.401,C3:00:00:63:4D:09,-58,127,4.0,5.5,1.5
1783594109498,2026-07-09 12:48:29.498,C3:00:00:63:4D:09,-54,127,4.0,5.5,1.5
1783594109631,2026-07-09 12:48:29.631,C3:00:00:63:4D:09,-58,127,4.0,5.5,1.5
1783594109704,2026-07-09 12:48:29.704,C3:00:00:63:4D:09,-58,127,4.0,5.5,1.5
1783594109815,2026-07-09 12:48:29.815,C3:00:00:63:4D:09,-68,127,4.0,5.5,1.5
1783594109916,2026-07-09 12:48:29.916,C3:00:00:63:4D:09,-58,127,4.0,5.5,1.5
1783594110019,2026-07-09 12:48:30.019,C3:00:00:63:4D:09,-54,127,4.0,5.5,1.5
1783594110130,2026-07-09 12:48:30.130,C3:00:00:63:4D:09,-68,127,4.0,5.5,1.5
1783594110330,2026-07-09 12:48:30.330,C3:00:00:63:4D:09,-54,127,4.0,5.5,1.5
1783594110537,2026-07-09 12:48:30.537,C3:00:00:63:4D:09,-57,127,4.0,5.5,1.5
1783594110745,2026-07-09 12:48:30.745,C3:00:00:63:4D:09,-65,127,4.0,5.5,1.5
1783594110835,2026-07-09 12:48:30.835,C3:00:00:63:4D:09,-58,127,4.0,5.5,1.5
1783594110958,2026-07-09 12:48:30.958,C3:00:00:63:4D:09,-54,127,4.0,5.5,1.5
1783594111165,2026-07-09 12:48:31.165,C3:00:00:63:4D:09,-58,127,4.0,5.5,1.5
1783594111370,2026-07-09 12:48:31.370,C3:00:00:63:4D:09,-68,127,4.0,5.5,1.5
1783594111469,2026-07-09 12:48:31.469,C3:00:00:63:4D:09,-58,127,4.0,5.5,1.5
1783594111643,2026-07-09 12:48:31.643,C3:00:00:63:4D:09,-68,127,4.0,5.5,1.5
1783594111685,2026-07-09 12:48:31.685,C3:00:00:63:4D:09,-68,127,4.0,5.5,1.5
1783594111788,2026-07-09 12:48:31.788,C3:00:00:63:4D:09,-57,127,4.0,5.5,1.5
1783594111898,2026-07-09 12:48:31.898,C3:00:00:63:4D:09,-54,127,4.0,5.5,1.5
1783594112001,2026-07-09 12:48:32.001,C3:00:00:63:4D:09,-68,127,4.0,5.5,1.5
1783594112103,2026-07-09 12:48:32.103,C3:00:00:63:4D:09,-58,127,4.0,5.5,1.5
1783594112411,2026-07-09 12:48:32.411,C3:00:00:63:4D:09,-54,127,4.0,5.5,1.5
1783594112518,2026-07-09 12:48:32.518,C3:00:00:63:4D:09,-68,127,4.0,5.5,1.5
1783594112624,2026-07-09 12:48:32.624,C3:00:00:63:4D:09,-58,127,4.0,5.5,1.5
1783594113040,2026-07-09 12:48:33.040,C3:00:00:63:4D:09,-54,127,4.0,5.5,1.5
1783594113153,2026-07-09 12:48:33.153,C3:00:00:63:4D:09,-68,127,4.0,5.5,1.5
1783594113357,2026-07-09 12:48:33.357,C3:00:00:63:4D:09,-54,127,4.0,5.5,1.5
1783594113563,2026-07-09 12:48:33.563,C3:00:00:63:4D:09,-58,127,4.0,5.5,1.5
1783594113671,2026-07-09 12:48:33.671,C3:00:00:63:4D:09,-54,127,4.0,5.5,1.5
1783594113865,2026-07-09 12:48:33.865,C3:00:00:63:4D:09,-57,127,4.0,5.5,1.5
1783594113976,2026-07-09 12:48:33.976,C3:00:00:63:4D:09,-53,127,4.0,5.5,1.5
1783594114492,2026-07-09 12:48:34.492,C3:00:00:63:4D:09,-58,127,4.0,5.5,1.5
1783594114606,2026-07-09 12:48:34.606,C3:00:00:63:4D:09,-56,127,4.0,5.5,1.5
1783594114704,2026-07-09 12:48:34.704,C3:00:00:63:4D:09,-69,127,4.0,5.5,1.5
1783594114838,2026-07-09 12:48:34.838,C3:00:00:63:4D:09,-54,127,4.0,5.5,1.5
1783594114906,2026-07-09 12:48:34.906,C3:00:00:63:4D:09,-54,127,4.0,5.5,1.5
1783594115076,2026-07-09 12:48:35.076,C3:00:00:63:4D:09,-58,127,4.0,5.5,1.5
1783594115115,2026-07-09 12:48:35.115,C3:00:00:63:4D:09,-54,127,4.0,5.5,1.5
1783594115137,2026-07-09 12:48:35.137,C3:00:00:63:4D:09,-61,127,4.0,5.5,1.5
1783594115333,2026-07-09 12:48:35.333,C3:00:00:63:4D:09,-58,127,4.0,5.5,1.5
1783594115532,2026-07-09 12:48:35.532,C3:00:00:63:4D:09,-69,127,4.0,5.5,1.5
1783594115668,2026-07-09 12:48:35.668,C3:00:00:63:4D:09,-58,127,4.0,5.5,1.5
1783594115746,2026-07-09 12:48:35.746,C3:00:00:63:4D:09,-54,127,4.0,5.5,1.5
1783594115943,2026-07-09 12:48:35.943,C3:00:00:63:4D:09,-58,127,4.0,5.5,1.5
1783594116262,2026-07-09 12:48:36.262,C3:00:00:63:4D:09,-58,127,4.0,5.5,1.5
1783594116467,2026-07-09 12:48:36.467,C3:00:00:63:4D:09,-70,127,4.0,5.5,1.5
1783594116681,2026-07-09 12:48:36.681,C3:00:00:63:4D:09,-54,127,4.0,5.5,1.5
1783594116781,2026-07-09 12:48:36.781,C3:00:00:63:4D:09,-69,127,4.0,5.5,1.5
1783594116843,2026-07-09 12:48:36.843,C3:00:00:63:4D:09,-58,127,4.0,5.5,1.5
1783594116884,2026-07-09 12:48:36.884,C3:00:00:63:4D:09,-58,127,4.0,5.5,1.5
1783594117091,2026-07-09 12:48:37.091,C3:00:00:63:4D:09,-69,127,4.0,5.5,1.5
1783594117192,2026-07-09 12:48:37.192,C3:00:00:63:4D:09,-58,127,4.0,5.5,1.5
1783594117415,2026-07-09 12:48:37.415,C3:00:00:63:4D:09,-65,127,4.0,5.5,1.5
