timestamp,time,mac_address,rssi,tx_power,pos_x,pos_y,pos_z
1783607618735,2026-07-09 16:33:38.735,C3:00:00:63:4C:D2,-71,127,4.5,2.0,1.5
1783607619304,2026-07-09 16:33:39.304,C3:00:00:63:4C:D2,-55,127,4.5,2.0,1.5
1783607619448,2026-07-09 16:33:39.448,C3:00:00:63:4C:D2,-69,127,4.5,2.0,1.5
1783607619461,2026-07-09 16:33:39.461,C3:00:00:63:4C:D2,-57,127,4.5,2.0,1.5
1783607619469,2026-07-09 16:33:39.469,C3:00:00:63:4C:D2,-55,127,4.5,2.0,1.5
1783607619484,2026-07-09 16:33:39.484,C3:00:00:63:4C:D2,-68,127,4.5,2.0,1.5
1783607619493,2026-07-09 16:33:39.493,C3:00:00:63:4C:D2,-58,127,4.5,2.0,1.5
1783607619672,2026-07-09 16:33:39.672,C3:00:00:63:4C:D2,-57,127,4.5,2.0,1.5
1783607619778,2026-07-09 16:33:39.778,C3:00:00:63:4C:D2,-54,127,4.5,2.0,1.5
1783607620199,2026-07-09 16:33:40.199,C3:00:00:63:4C:D2,-70,127,4.5,2.0,1.5
1783607620313,2026-07-09 16:33:40.313,C3:00:00:63:4C:D2,-57,127,4.5,2.0,1.5
1783607620414,2026-07-09 16:33:40.414,C3:00:00:63:4C:D2,-54,127,4.5,2.0,1.5
1783607620521,2026-07-09 16:33:40.521,C3:00:00:63:4C:D2,-70,127,4.5,2.0,1.5
1783607620625,2026-07-09 16:33:40.625,C3:00:00:63:4C:D2,-58,127,4.5,2.0,1.5
1783607620723,2026-07-09 16:33:40.723,C3:00:00:63:4C:D2,-56,127,4.5,2.0,1.5
1783607620831,2026-07-09 16:33:40.831,C3:00:00:63:4C:D2,-70,127,4.5,2.0,1.5
1783607620936,2026-07-09 16:33:40.936,C3:00:00:63:4C:D2,-58,127,4.5,2.0,1.5
1783607620948,2026-07-09 16:33:40.948,C3:00:00:63:4C:D2,-60,127,4.5,2.0,1.5
1783607621036,2026-07-09 16:33:41.036,C3:00:00:63:4C:D2,-54,127,4.5,2.0,1.5
1783607621144,2026-07-09 16:33:41.144,C3:00:00:63:4C:D2,-74,127,4.5,2.0,1.5
1783607621191,2026-07-09 16:33:41.191,C3:00:00:63:4C:D2,-58,127,4.5,2.0,1.5
1783607621347,2026-07-09 16:33:41.347,C3:00:00:63:4C:D2,-54,127,4.5,2.0,1.5
1783607621562,2026-07-09 16:33:41.562,C3:00:00:63:4C:D2,-57,127,4.5,2.0,1.5
1783607621773,2026-07-09 16:33:41.773,C3:00:00:63:4C:D2,-58,127,4.5,2.0,1.5
1783607621876,2026-07-09 16:33:41.876,C3:00:00:63:4C:D2,-54,127,4.5,2.0,1.5
1783607621980,2026-07-09 16:33:41.980,C3:00:00:63:4C:D2,-74,127,4.5,2.0,1.5
1783607622172,2026-07-09 16:33:42.172,C3:00:00:63:4C:D2,-65,127,4.5,2.0,1.5
1783607622203,2026-07-09 16:33:42.203,C3:00:00:63:4C:D2,-54,127,4.5,2.0,1.5
1783607622296,2026-07-09 16:33:42.296,C3:00:00:63:4C:D2,-67,127,4.5,2.0,1.5
1783607622405,2026-07-09 16:33:42.405,C3:00:00:63:4C:D2,-57,127,4.5,2.0,1.5
1783607622504,2026-07-09 16:33:42.504,C3:00:00:63:4C:D2,-54,127,4.5,2.0,1.5
1783607622606,2026-07-09 16:33:42.606,C3:00:00:63:4C:D2,-68,127,4.5,2.0,1.5
1783607622719,2026-07-09 16:33:42.719,C3:00:00:63:4C:D2,-60,127,4.5,2.0,1.5
1783607622818,2026-07-09 16:33:42.818,C3:00:00:63:4C:D2,-57,127,4.5,2.0,1.5
1783607622952,2026-07-09 16:33:42.952,C3:00:00:63:4C:D2,-73,127,4.5,2.0,1.5
1783607623030,2026-07-09 16:33:43.030,C3:00:00:63:4C:D2,-58,127,4.5,2.0,1.5
1783607623203,2026-07-09 16:33:43.203,C3:00:00:63:4C:D2,-65,127,4.5,2.0,1.5
1783607623243,2026-07-09 16:33:43.243,C3:00:00:63:4C:D2,-66,127,4.5,2.0,1.5
1783607623345,2026-07-09 16:33:43.345,C3:00:00:63:4C:D2,-56,127,4.5,2.0,1.5
1783607623374,2026-07-09 16:33:43.374,C3:00:00:63:4C:D2,-58,127,4.5,2.0,1.5
1783607623660,2026-07-09 16:33:43.660,C3:00:00:63:4C:D2,-74,127,4.5,2.0,1.5
1783607623870,2026-07-09 16:33:43.870,C3:00:00:63:4C:D2,-60,127,4.5,2.0,1.5
1783607623983,2026-07-09 16:33:43.983,C3:00:00:63:4C:D2,-55,127,4.5,2.0,1.5
1783607624080,2026-07-09 16:33:44.080,C3:00:00:63:4C:D2,-79,127,4.5,2.0,1.5
1783607624188,2026-07-09 16:33:44.188,C3:00:00:63:4C:D2,-60,127,4.5,2.0,1.5
1783607624291,2026-07-09 16:33:44.291,C3:00:00:63:4C:D2,-55,127,4.5,2.0,1.5
1783607624401,2026-07-09 16:33:44.401,C3:00:00:63:4C:D2,-67,127,4.5,2.0,1.5
1783607624497,2026-07-09 16:33:44.497,C3:00:00:63:4C:D2,-57,127,4.5,2.0,1.5
1783607624614,2026-07-09 16:33:44.614,C3:00:00:63:4C:D2,-57,127,4.5,2.0,1.5
1783607624713,2026-07-09 16:33:44.713,C3:00:00:63:4C:D2,-74,127,4.5,2.0,1.5
1783607624816,2026-07-09 16:33:44.816,C3:00:00:63:4C:D2,-57,127,4.5,2.0,1.5
1783607624924,2026-07-09 16:33:44.924,C3:00:00:63:4C:D2,-54,127,4.5,2.0,1.5
1783607625024,2026-07-09 16:33:45.024,C3:00:00:63:4C:D2,-64,127,4.5,2.0,1.5
1783607625130,2026-07-09 16:33:45.130,C3:00:00:63:4C:D2,-56,127,4.5,2.0,1.5
1783607625216,2026-07-09 16:33:45.216,C3:00:00:63:4C:D2,-55,127,4.5,2.0,1.5
1783607625240,2026-07-09 16:33:45.240,C3:00:00:63:4C:D2,-54,127,4.5,2.0,1.5
1783607625444,2026-07-09 16:33:45.444,C3:00:00:63:4C:D2,-59,127,4.5,2.0,1.5
1783607625657,2026-07-09 16:33:45.657,C3:00:00:63:4C:D2,-69,127,4.5,2.0,1.5
1783607625767,2026-07-09 16:33:45.767,C3:00:00:63:4C:D2,-60,127,4.5,2.0,1.5
1783607625868,2026-07-09 16:33:45.868,C3:00:00:63:4C:D2,-71,127,4.5,2.0,1.5
1783607625972,2026-07-09 16:33:45.972,C3:00:00:63:4C:D2,-60,127,4.5,2.0,1.5
1783607626073,2026-07-09 16:33:46.073,C3:00:00:63:4C:D2,-55,127,4.5,2.0,1.5
1783607626187,2026-07-09 16:33:46.187,C3:00:00:63:4C:D2,-71,127,4.5,2.0,1.5
1783607626207,2026-07-09 16:33:46.207,C3:00:00:63:4C:D2,-83,127,4.5,2.0,1.5
1783607626398,2026-07-09 16:33:46.398,C3:00:00:63:4C:D2,-55,127,4.5,2.0,1.5
1783607626706,2026-07-09 16:33:46.706,C3:00:00:63:4C:D2,-54,127,4.5,2.0,1.5
1783607626810,2026-07-09 16:33:46.810,C3:00:00:63:4C:D2,-70,127,4.5,2.0,1.5
1783607626917,2026-07-09 16:33:46.917,C3:00:00:63:4C:D2,-58,127,4.5,2.0,1.5
1783607627034,2026-07-09 16:33:47.034,C3:00:00:63:4C:D2,-55,127,4.5,2.0,1.5
1783607627226,2026-07-09 16:33:47.226,C3:00:00:63:4C:D2,-58,127,4.5,2.0,1.5
1783607627240,2026-07-09 16:33:47.240,C3:00:00:63:4C:D2,-57,127,4.5,2.0,1.5
1783607627347,2026-07-09 16:33:47.347,C3:00:00:63:4C:D2,-55,127,4.5,2.0,1.5
1783607627375,2026-07-09 16:33:47.375,C3:00:00:63:4C:D2,-66,127,4.5,2.0,1.5
1783607627555,2026-07-09 16:33:47.555,C3:00:00:63:4C:D2,-57,127,4.5,2.0,1.5
1783607627661,2026-07-09 16:33:47.661,C3:00:00:63:4C:D2,-53,127,4.5,2.0,1.5
1783607627756,2026-07-09 16:33:47.756,C3:00:00:63:4C:D2,-70,127,4.5,2.0,1.5
1783607627859,2026-07-09 16:33:47.859,C3:00:00:63:4C:D2,-58,127,4.5,2.0,1.5
1783607627971,2026-07-09 16:33:47.971,C3:00:00:63:4C:D2,-54,127,4.5,2.0,1.5
1783607628079,2026-07-09 16:33:48.079,C3:00:00:63:4C:D2,-56,127,4.5,2.0,1.5
1783607628174,2026-07-09 16:33:48.174,C3:00:00:63:4C:D2,-54,127,4.5,2.0,1.5
1783607628284,2026-07-09 16:33:48.284,C3:00:00:63:4C:D2,-73,127,4.5,2.0,1.5
1783607628390,2026-07-09 16:33:48.390,C3:00:00:63:4C:D2,-56,127,4.5,2.0,1.5
1783607628494,2026-07-09 16:33:48.494,C3:00:00:63:4C:D2,-53,127,4.5,2.0,1.5
1783607628600,2026-07-09 16:33:48.600,C3:00:00:63:4C:D2,-80,127,4.5,2.0,1.5
1783607628709,2026-07-09 16:33:48.709,C3:00:00:63:4C:D2,-56,127,4.5,2.0,1.5
1783607628811,2026-07-09 16:33:48.811,C3:00:00:63:4C:D2,-54,127,4.5,2.0,1.5
1783607628972,2026-07-09 16:33:48.972,C3:00:00:63:4C:D2,-58,127,4.5,2.0,1.5
1783607629023,2026-07-09 16:33:49.023,C3:00:00:63:4C:D2,-58,127,4.5,2.0,1.5
1783607629119,2026-07-09 16:33:49.119,C3:00:00:63:4C:D2,-58,127,4.5,2.0,1.5
1783607629214,2026-07-09 16:33:49.214,C3:00:00:63:4C:D2,-64,127,4.5,2.0,1.5
1783607629243,2026-07-09 16:33:49.243,C3:00:00:63:4C:D2,-68,127,4.5,2.0,1.5
1783607629331,2026-07-09 16:33:49.331,C3:00:00:63:4C:D2,-59,127,4.5,2.0,1.5
1783607629438,2026-07-09 16:33:49.438,C3:00:00:63:4C:D2,-56,127,4.5,2.0,1.5
1783607629543,2026-07-09 16:33:49.543,C3:00:00:63:4C:D2,-73,127,4.5,2.0,1.5
1783607629644,2026-07-09 16:33:49.644,C3:00:00:63:4C:D2,-58,127,4.5,2.0,1.5
1783607629751,2026-07-09 16:33:49.751,C3:00:00:63:4C:D2,-55,127,4.5,2.0,1.5
1783607629851,2026-07-09 16:33:49.851,C3:00:00:63:4C:D2,-74,127,4.5,2.0,1.5
1783607630166,2026-07-09 16:33:50.166,C3:00:00:63:4C:D2,-58,127,4.5,2.0,1.5
1783607630284,2026-07-09 16:33:50.284,C3:00:00:63:4C:D2,-54,127,4.5,2.0,1.5
1783607630387,2026-07-09 16:33:50.387,C3:00:00:63:4C:D2,-69,127,4.5,2.0,1.5
1783607630494,2026-07-09 16:33:50.494,C3:00:00:63:4C:D2,-57,127,4.5,2.0,1.5
1783607630606,2026-07-09 16:33:50.606,C3:00:00:63:4C:D2,-54,127,4.5,2.0,1.5
1783607630700,2026-07-09 16:33:50.700,C3:00:00:63:4C:D2,-71,127,4.5,2.0,1.5
1783607630806,2026-07-09 16:33:50.806,C3:00:00:63:4C:D2,-58,127,4.5,2.0,1.5
1783607630906,2026-07-09 16:33:50.906,C3:00:00:63:4C:D2,-54,127,4.5,2.0,1.5
1783607630969,2026-07-09 16:33:50.969,C3:00:00:63:4C:D2,-64,127,4.5,2.0,1.5
1783607631009,2026-07-09 16:33:51.009,C3:00:00:63:4C:D2,-65,127,4.5,2.0,1.5
1783607631117,2026-07-09 16:33:51.117,C3:00:00:63:4C:D2,-70,127,4.5,2.0,1.5
1783607631229,2026-07-09 16:33:51.229,C3:00:00:63:4C:D2,-57,127,4.5,2.0,1.5
1783607631245,2026-07-09 16:33:51.245,C3:00:00:63:4C:D2,-57,127,4.5,2.0,1.5
1783607631389,2026-07-09 16:33:51.389,C3:00:00:63:4C:D2,-66,127,4.5,2.0,1.5
1783607631427,2026-07-09 16:33:51.427,C3:00:00:63:4C:D2,-65,127,4.5,2.0,1.5
1783607631533,2026-07-09 16:33:51.533,C3:00:00:63:4C:D2,-55,127,4.5,2.0,1.5
1783607631640,2026-07-09 16:33:51.640,C3:00:00:63:4C:D2,-68,127,4.5,2.0,1.5
1783607631742,2026-07-09 16:33:51.742,C3:00:00:63:4C:D2,-58,127,4.5,2.0,1.5
1783607631852,2026-07-09 16:33:51.852,C3:00:00:63:4C:D2,-54,127,4.5,2.0,1.5
1783607631950,2026-07-09 16:33:51.950,C3:00:00:63:4C:D2,-65,127,4.5,2.0,1.5
1783607632053,2026-07-09 16:33:52.053,C3:00:00:63:4C:D2,-57,127,4.5,2.0,1.5
1783607632161,2026-07-09 16:33:52.161,C3:00:00:63:4C:D2,-55,127,4.5,2.0,1.5
1783607632266,2026-07-09 16:33:52.266,C3:00:00:63:4C:D2,-57,127,4.5,2.0,1.5
1783607632380,2026-07-09 16:33:52.380,C3:00:00:63:4C:D2,-54,127,4.5,2.0,1.5
1783607632473,2026-07-09 16:33:52.473,C3:00:00:63:4C:D2,-65,127,4.5,2.0,1.5
1783607632590,2026-07-09 16:33:52.590,C3:00:00:63:4C:D2,-65,127,4.5,2.0,1.5
1783607632697,2026-07-09 16:33:52.697,C3:00:00:63:4C:D2,-60,127,4.5,2.0,1.5
1783607632795,2026-07-09 16:33:52.795,C3:00:00:63:4C:D2,-60,127,4.5,2.0,1.5
1783607632901,2026-07-09 16:33:52.901,C3:00:00:63:4C:D2,-66,127,4.5,2.0,1.5
1783607632975,2026-07-09 16:33:52.975,C3:00:00:63:4C:D2,-62,127,4.5,2.0,1.5
1783607633005,2026-07-09 16:33:53.005,C3:00:00:63:4C:D2,-61,127,4.5,2.0,1.5
1783607633106,2026-07-09 16:33:53.106,C3:00:00:63:4C:D2,-67,127,4.5,2.0,1.5
1783607633218,2026-07-09 16:33:53.218,C3:00:00:63:4C:D2,-64,127,4.5,2.0,1.5
1783607633243,2026-07-09 16:33:53.243,C3:00:00:63:4C:D2,-63,127,4.5,2.0,1.5
1783607633331,2026-07-09 16:33:53.331,C3:00:00:63:4C:D2,-57,127,4.5,2.0,1.5
1783607633425,2026-07-09 16:33:53.425,C3:00:00:63:4C:D2,-65,127,4.5,2.0,1.5
1783607633533,2026-07-09 16:33:53.533,C3:00:00:63:4C:D2,-58,127,4.5,2.0,1.5
1783607633639,2026-07-09 16:33:53.639,C3:00:00:63:4C:D2,-53,127,4.5,2.0,1.5
1783607633746,2026-07-09 16:33:53.746,C3:00:00:63:4C:D2,-71,127,4.5,2.0,1.5
1783607633955,2026-07-09 16:33:53.955,C3:00:00:63:4C:D2,-58,127,4.5,2.0,1.5
1783607634060,2026-07-09 16:33:54.060,C3:00:00:63:4C:D2,-64,127,4.5,2.0,1.5
1783607634169,2026-07-09 16:33:54.169,C3:00:00:63:4C:D2,-58,127,4.5,2.0,1.5
1783607634206,2026-07-09 16:33:54.206,C3:00:00:63:4C:D2,-61,127,4.5,2.0,1.5
1783607634381,2026-07-09 16:33:54.381,C3:00:00:63:4C:D2,-63,127,4.5,2.0,1.5
1783607634582,2026-07-09 16:33:54.582,C3:00:00:63:4C:D2,-78,127,4.5,2.0,1.5
1783607634689,2026-07-09 16:33:54.689,C3:00:00:63:4C:D2,-60,127,4.5,2.0,1.5
1783607634907,2026-07-09 16:33:54.907,C3:00:00:63:4C:D2,-79,127,4.5,2.0,1.5
1783607634982,2026-07-09 16:33:54.982,C3:00:00:63:4C:D2,-60,127,4.5,2.0,1.5
1783607635103,2026-07-09 16:33:55.103,C3:00:00:63:4C:D2,-54,127,4.5,2.0,1.5
1783607635216,2026-07-09 16:33:55.216,C3:00:00:63:4C:D2,-71,127,4.5,2.0,1.5
1783607635242,2026-07-09 16:33:55.242,C3:00:00:63:4C:D2,-73,127,4.5,2.0,1.5
1783607635395,2026-07-09 16:33:55.395,C3:00:00:63:4C:D2,-56,127,4.5,2.0,1.5
1783607635417,2026-07-09 16:33:55.417,C3:00:00:63:4C:D2,-55,127,4.5,2.0,1.5
1783607635526,2026-07-09 16:33:55.526,C3:00:00:63:4C:D2,-73,127,4.5,2.0,1.5
1783607635633,2026-07-09 16:33:55.633,C3:00:00:63:4C:D2,-60,127,4.5,2.0,1.5
1783607635739,2026-07-09 16:33:55.739,C3:00:00:63:4C:D2,-54,127,4.5,2.0,1.5
1783607635833,2026-07-09 16:33:55.833,C3:00:00:63:4C:D2,-71,127,4.5,2.0,1.5
1783607635947,2026-07-09 16:33:55.947,C3:00:00:63:4C:D2,-60,127,4.5,2.0,1.5
1783607636050,2026-07-09 16:33:56.050,C3:00:00:63:4C:D2,-54,127,4.5,2.0,1.5
1783607636157,2026-07-09 16:33:56.157,C3:00:00:63:4C:D2,-73,127,4.5,2.0,1.5
1783607636374,2026-07-09 16:33:56.374,C3:00:00:63:4C:D2,-72,127,4.5,2.0,1.5
1783607636476,2026-07-09 16:33:56.476,C3:00:00:63:4C:D2,-60,127,4.5,2.0,1.5
1783607636577,2026-07-09 16:33:56.577,C3:00:00:63:4C:D2,-55,127,4.5,2.0,1.5
1783607636680,2026-07-09 16:33:56.680,C3:00:00:63:4C:D2,-70,127,4.5,2.0,1.5
1783607636789,2026-07-09 16:33:56.789,C3:00:00:63:4C:D2,-58,127,4.5,2.0,1.5
1783607636889,2026-07-09 16:33:56.889,C3:00:00:63:4C:D2,-54,127,4.5,2.0,1.5
1783607636985,2026-07-09 16:33:56.985,C3:00:00:63:4C:D2,-71,127,4.5,2.0,1.5
1783607637014,2026-07-09 16:33:57.014,C3:00:00:63:4C:D2,-70,127,4.5,2.0,1.5
1783607637103,2026-07-09 16:33:57.103,C3:00:00:63:4C:D2,-58,127,4.5,2.0,1.5
1783607637211,2026-07-09 16:33:57.211,C3:00:00:63:4C:D2,-54,127,4.5,2.0,1.5
1783607637248,2026-07-09 16:33:57.248,C3:00:00:63:4C:D2,-54,127,4.5,2.0,1.5
1783607637414,2026-07-09 16:33:57.414,C3:00:00:63:4C:D2,-58,127,4.5,2.0,1.5
1783607637525,2026-07-09 16:33:57.525,C3:00:00:63:4C:D2,-54,127,4.5,2.0,1.5
1783607637634,2026-07-09 16:33:57.634,C3:00:00:63:4C:D2,-66,127,4.5,2.0,1.5
1783607637841,2026-07-09 16:33:57.841,C3:00:00:63:4C:D2,-53,127,4.5,2.0,1.5
1783607637939,2026-07-09 16:33:57.939,C3:00:00:63:4C:D2,-67,127,4.5,2.0,1.5
1783607638050,2026-07-09 16:33:58.050,C3:00:00:63:4C:D2,-58,127,4.5,2.0,1.5
1783607638153,2026-07-09 16:33:58.153,C3:00:00:63:4C:D2,-53,127,4.5,2.0,1.5
1783607638214,2026-07-09 16:33:58.214,C3:00:00:63:4C:D2,-72,127,4.5,2.0,1.5
1783607638256,2026-07-09 16:33:58.256,C3:00:00:63:4C:D2,-76,127,4.5,2.0,1.5
1783607638363,2026-07-09 16:33:58.363,C3:00:00:63:4C:D2,-56,127,4.5,2.0,1.5
1783607638461,2026-07-09 16:33:58.461,C3:00:00:63:4C:D2,-54,127,4.5,2.0,1.5
1783607638575,2026-07-09 16:33:58.575,C3:00:00:63:4C:D2,-60,127,4.5,2.0,1.5
1783607638671,2026-07-09 16:33:58.671,C3:00:00:63:4C:D2,-55,127,4.5,2.0,1.5
1783607638787,2026-07-09 16:33:58.787,C3:00:00:63:4C:D2,-72,127,4.5,2.0,1.5
1783607638890,2026-07-09 16:33:58.890,C3:00:00:63:4C:D2,-55,127,4.5,2.0,1.5
1783607638984,2026-07-09 16:33:58.984,C3:00:00:63:4C:D2,-55,127,4.5,2.0,1.5
1783607639008,2026-07-09 16:33:59.008,C3:00:00:63:4C:D2,-55,127,4.5,2.0,1.5
1783607639087,2026-07-09 16:33:59.087,C3:00:00:63:4C:D2,-66,127,4.5,2.0,1.5
1783607639199,2026-07-09 16:33:59.199,C3:00:00:63:4C:D2,-59,127,4.5,2.0,1.5
1783607639255,2026-07-09 16:33:59.255,C3:00:00:63:4C:D2,-61,127,4.5,2.0,1.5
1783607639305,2026-07-09 16:33:59.305,C3:00:00:63:4C:D2,-62,127,4.5,2.0,1.5
1783607639385,2026-07-09 16:33:59.385,C3:00:00:63:4C:D2,-63,127,4.5,2.0,1.5
1783607639410,2026-07-09 16:33:59.410,C3:00:00:63:4C:D2,-61,127,4.5,2.0,1.5
1783607639510,2026-07-09 16:33:59.510,C3:00:00:63:4C:D2,-69,127,4.5,2.0,1.5
1783607639625,2026-07-09 16:33:59.625,C3:00:00:63:4C:D2,-58,127,4.5,2.0,1.5
1783607639728,2026-07-09 16:33:59.728,C3:00:00:63:4C:D2,-83,127,4.5,2.0,1.5
1783607639836,2026-07-09 16:33:59.836,C3:00:00:63:4C:D2,-59,127,4.5,2.0,1.5
1783607639940,2026-07-09 16:33:59.940,C3:00:00:63:4C:D2,-54,127,4.5,2.0,1.5
1783607640041,2026-07-09 16:34:00.041,C3:00:00:63:4C:D2,-74,127,4.5,2.0,1.5
1783607640141,2026-07-09 16:34:00.141,C3:00:00:63:4C:D2,-59,127,4.5,2.0,1.5
1783607640254,2026-07-09 16:34:00.254,C3:00:00:63:4C:D2,-55,127,4.5,2.0,1.5
1783607640357,2026-07-09 16:34:00.357,C3:00:00:63:4C:D2,-76,127,4.5,2.0,1.5
1783607640461,2026-07-09 16:34:00.461,C3:00:00:63:4C:D2,-58,127,4.5,2.0,1.5
1783607640569,2026-07-09 16:34:00.569,C3:00:00:63:4C:D2,-54,127,4.5,2.0,1.5
1783607640672,2026-07-09 16:34:00.672,C3:00:00:63:4C:D2,-58,127,4.5,2.0,1.5
1783607640779,2026-07-09 16:34:00.779,C3:00:00:63:4C:D2,-55,127,4.5,2.0,1.5
1783607640889,2026-07-09 16:34:00.889,C3:00:00:63:4C:D2,-73,127,4.5,2.0,1.5
1783607640988,2026-07-09 16:34:00.988,C3:00:00:63:4C:D2,-59,127,4.5,2.0,1.5
1783607641004,2026-07-09 16:34:01.004,C3:00:00:63:4C:D2,-58,127,4.5,2.0,1.5
1783607641098,2026-07-09 16:34:01.098,C3:00:00:63:4C:D2,-54,127,4.5,2.0,1.5
1783607641208,2026-07-09 16:34:01.208,C3:00:00:63:4C:D2,-71,127,4.5,2.0,1.5
1783607641259,2026-07-09 16:34:01.259,C3:00:00:63:4C:D2,-69,127,4.5,2.0,1.5
1783607641309,2026-07-09 16:34:01.309,C3:00:00:63:4C:D2,-58,127,4.5,2.0,1.5
1783607641403,2026-07-09 16:34:01.403,C3:00:00:63:4C:D2,-54,127,4.5,2.0,1.5
1783607641508,2026-07-09 16:34:01.508,C3:00:00:63:4C:D2,-68,127,4.5,2.0,1.5
1783607641825,2026-07-09 16:34:01.825,C3:00:00:63:4C:D2,-74,127,4.5,2.0,1.5
1783607641925,2026-07-09 16:34:01.925,C3:00:00:63:4C:D2,-56,127,4.5,2.0,1.5
1783607642037,2026-07-09 16:34:02.037,C3:00:00:63:4C:D2,-53,127,4.5,2.0,1.5
1783607642138,2026-07-09 16:34:02.138,C3:00:00:63:4C:D2,-69,127,4.5,2.0,1.5
1783607642215,2026-07-09 16:34:02.215,C3:00:00:63:4C:D2,-65,127,4.5,2.0,1.5
1783607642245,2026-07-09 16:34:02.245,C3:00:00:63:4C:D2,-58,127,4.5,2.0,1.5
1783607642352,2026-07-09 16:34:02.352,C3:00:00:63:4C:D2,-55,127,4.5,2.0,1.5
1783607642659,2026-07-09 16:34:02.659,C3:00:00:63:4C:D2,-54,127,4.5,2.0,1.5
1783607642771,2026-07-09 16:34:02.771,C3:00:00:63:4C:D2,-57,127,4.5,2.0,1.5
1783607642983,2026-07-09 16:34:02.983,C3:00:00:63:4C:D2,-73,127,4.5,2.0,1.5
1783607643080,2026-07-09 16:34:03.080,C3:00:00:63:4C:D2,-58,127,4.5,2.0,1.5
1783607643193,2026-07-09 16:34:03.193,C3:00:00:63:4C:D2,-56,127,4.5,2.0,1.5
1783607643262,2026-07-09 16:34:03.262,C3:00:00:63:4C:D2,-57,127,4.5,2.0,1.5
1783607643414,2026-07-09 16:34:03.414,C3:00:00:63:4C:D2,-59,127,4.5,2.0,1.5
1783607643502,2026-07-09 16:34:03.502,C3:00:00:63:4C:D2,-54,127,4.5,2.0,1.5
1783607643723,2026-07-09 16:34:03.723,C3:00:00:63:4C:D2,-58,127,4.5,2.0,1.5
1783607643829,2026-07-09 16:34:03.829,C3:00:00:63:4C:D2,-54,127,4.5,2.0,1.5
1783607643927,2026-07-09 16:34:03.927,C3:00:00:63:4C:D2,-76,127,4.5,2.0,1.5
1783607644039,2026-07-09 16:34:04.039,C3:00:00:63:4C:D2,-60,127,4.5,2.0,1.5
1783607644140,2026-07-09 16:34:04.140,C3:00:00:63:4C:D2,-53,127,4.5,2.0,1.5
1783607644240,2026-07-09 16:34:04.240,C3:00:00:63:4C:D2,-66,127,4.5,2.0,1.5
1783607644340,2026-07-09 16:34:04.340,C3:00:00:63:4C:D2,-57,127,4.5,2.0,1.5
1783607644556,2026-07-09 16:34:04.556,C3:00:00:63:4C:D2,-74,127,4.5,2.0,1.5
1783607644773,2026-07-09 16:34:04.773,C3:00:00:63:4C:D2,-56,127,4.5,2.0,1.5
1783607644986,2026-07-09 16:34:04.986,C3:00:00:63:4C:D2,-54,127,4.5,2.0,1.5
1783607645186,2026-07-09 16:34:05.186,C3:00:00:63:4C:D2,-62,127,4.5,2.0,1.5
1783607645279,2026-07-09 16:34:05.279,C3:00:00:63:4C:D2,-53,127,4.5,2.0,1.5
1783607645289,2026-07-09 16:34:05.289,C3:00:00:63:4C:D2,-53,127,4.5,2.0,1.5
1783607645405,2026-07-09 16:34:05.405,C3:00:00:63:4C:D2,-69,127,4.5,2.0,1.5
1783607645499,2026-07-09 16:34:05.499,C3:00:00:63:4C:D2,-59,127,4.5,2.0,1.5
1783607645613,2026-07-09 16:34:05.613,C3:00:00:63:4C:D2,-52,127,4.5,2.0,1.5
1783607645707,2026-07-09 16:34:05.707,C3:00:00:63:4C:D2,-63,127,4.5,2.0,1.5
1783607645820,2026-07-09 16:34:05.820,C3:00:00:63:4C:D2,-59,127,4.5,2.0,1.5
1783607646022,2026-07-09 16:34:06.022,C3:00:00:63:4C:D2,-74,127,4.5,2.0,1.5
1783607646130,2026-07-09 16:34:06.130,C3:00:00:63:4C:D2,-60,127,4.5,2.0,1.5
1783607646215,2026-07-09 16:34:06.215,C3:00:00:63:4C:D2,-61,127,4.5,2.0,1.5
1783607646235,2026-07-09 16:34:06.235,C3:00:00:63:4C:D2,-54,127,4.5,2.0,1.5
1783607646336,2026-07-09 16:34:06.336,C3:00:00:63:4C:D2,-70,127,4.5,2.0,1.5
1783607646441,2026-07-09 16:34:06.441,C3:00:00:63:4C:D2,-55,127,4.5,2.0,1.5
1783607646547,2026-07-09 16:34:06.547,C3:00:00:63:4C:D2,-54,127,4.5,2.0,1.5
1783607646668,2026-07-09 16:34:06.668,C3:00:00:63:4C:D2,-70,127,4.5,2.0,1.5
1783607646753,2026-07-09 16:34:06.753,C3:00:00:63:4C:D2,-58,127,4.5,2.0,1.5
1783607646864,2026-07-09 16:34:06.864,C3:00:00:63:4C:D2,-56,127,4.5,2.0,1.5
1783607646969,2026-07-09 16:34:06.969,C3:00:00:63:4C:D2,-68,127,4.5,2.0,1.5
1783607647027,2026-07-09 16:34:07.027,C3:00:00:63:4C:D2,-56,127,4.5,2.0,1.5
1783607647081,2026-07-09 16:34:07.081,C3:00:00:63:4C:D2,-54,127,4.5,2.0,1.5
1783607647280,2026-07-09 16:34:07.280,C3:00:00:63:4C:D2,-61,127,4.5,2.0,1.5
1783607647307,2026-07-09 16:34:07.307,C3:00:00:63:4C:D2,-60,127,4.5,2.0,1.5
1783607647399,2026-07-09 16:34:07.399,C3:00:00:63:4C:D2,-53,127,4.5,2.0,1.5
1783607647431,2026-07-09 16:34:07.431,C3:00:00:63:4C:D2,-53,127,4.5,2.0,1.5
1783607647594,2026-07-09 16:34:07.594,C3:00:00:63:4C:D2,-60,127,4.5,2.0,1.5
1783607647706,2026-07-09 16:34:07.706,C3:00:00:63:4C:D2,-54,127,4.5,2.0,1.5
1783607647802,2026-07-09 16:34:07.802,C3:00:00:63:4C:D2,-70,127,4.5,2.0,1.5
1783607648234,2026-07-09 16:34:08.234,C3:00:00:63:4C:D2,-59,127,4.5,2.0,1.5
1783607648345,2026-07-09 16:34:08.345,C3:00:00:63:4C:D2,-54,127,4.5,2.0,1.5
1783607648437,2026-07-09 16:34:08.437,C3:00:00:63:4C:D2,-72,127,4.5,2.0,1.5
1783607648649,2026-07-09 16:34:08.649,C3:00:00:63:4C:D2,-54,127,4.5,2.0,1.5
1783607648754,2026-07-09 16:34:08.754,C3:00:00:63:4C:D2,-69,127,4.5,2.0,1.5
1783607648858,2026-07-09 16:34:08.858,C3:00:00:63:4C:D2,-58,127,4.5,2.0,1.5
1783607649023,2026-07-09 16:34:09.023,C3:00:00:63:4C:D2,-74,127,4.5,2.0,1.5
1783607649075,2026-07-09 16:34:09.075,C3:00:00:63:4C:D2,-58,127,4.5,2.0,1.5
1783607649170,2026-07-09 16:34:09.170,C3:00:00:63:4C:D2,-55,127,4.5,2.0,1.5
1783607649272,2026-07-09 16:34:09.272,C3:00:00:63:4C:D2,-70,127,4.5,2.0,1.5
1783607649388,2026-07-09 16:34:09.388,C3:00:00:63:4C:D2,-58,127,4.5,2.0,1.5
1783607649491,2026-07-09 16:34:09.491,C3:00:00:63:4C:D2,-56,127,4.5,2.0,1.5
1783607649701,2026-07-09 16:34:09.701,C3:00:00:63:4C:D2,-58,127,4.5,2.0,1.5
1783607649799,2026-07-09 16:34:09.799,C3:00:00:63:4C:D2,-54,127,4.5,2.0,1.5
1783607649909,2026-07-09 16:34:09.909,C3:00:00:63:4C:D2,-72,127,4.5,2.0,1.5
1783607650015,2026-07-09 16:34:10.015,C3:00:00:63:4C:D2,-58,127,4.5,2.0,1.5
1783607650119,2026-07-09 16:34:10.119,C3:00:00:63:4C:D2,-55,127,4.5,2.0,1.5
1783607650224,2026-07-09 16:34:10.224,C3:00:00:63:4C:D2,-73,127,4.5,2.0,1.5
1783607650244,2026-07-09 16:34:10.244,C3:00:00:63:4C:D2,-81,127,4.5,2.0,1.5
1783607650328,2026-07-09 16:34:10.328,C3:00:00:63:4C:D2,-59,127,4.5,2.0,1.5
1783607650437,2026-07-09 16:34:10.437,C3:00:00:63:4C:D2,-55,127,4.5,2.0,1.5
1783607650543,2026-07-09 16:34:10.543,C3:00:00:63:4C:D2,-80,127,4.5,2.0,1.5
1783607650635,2026-07-09 16:34:10.635,C3:00:00:63:4C:D2,-59,127,4.5,2.0,1.5
1783607650748,2026-07-09 16:34:10.748,C3:00:00:63:4C:D2,-54,127,4.5,2.0,1.5
1783607650852,2026-07-09 16:34:10.852,C3:00:00:63:4C:D2,-74,127,4.5,2.0,1.5
1783607650966,2026-07-09 16:34:10.966,C3:00:00:63:4C:D2,-58,127,4.5,2.0,1.5
1783607651023,2026-07-09 16:34:11.023,C3:00:00:63:4C:D2,-56,127,4.5,2.0,1.5
1783607651061,2026-07-09 16:34:11.061,C3:00:00:63:4C:D2,-56,127,4.5,2.0,1.5
1783607651163,2026-07-09 16:34:11.163,C3:00:00:63:4C:D2,-68,127,4.5,2.0,1.5
1783607651275,2026-07-09 16:34:11.275,C3:00:00:63:4C:D2,-56,127,4.5,2.0,1.5
1783607651304,2026-07-09 16:34:11.304,C3:00:00:63:4C:D2,-56,127,4.5,2.0,1.5
1783607651407,2026-07-09 16:34:11.407,C3:00:00:63:4C:D2,-84,127,4.5,2.0,1.5
1783607651488,2026-07-09 16:34:11.488,C3:00:00:63:4C:D2,-61,127,4.5,2.0,1.5
1783607651600,2026-07-09 16:34:11.600,C3:00:00:63:4C:D2,-55,127,4.5,2.0,1.5
1783607651701,2026-07-09 16:34:11.701,C3:00:00:63:4C:D2,-71,127,4.5,2.0,1.5
1783607651806,2026-07-09 16:34:11.806,C3:00:00:63:4C:D2,-60,127,4.5,2.0,1.5
1783607651903,2026-07-09 16:34:11.903,C3:00:00:63:4C:D2,-54,127,4.5,2.0,1.5
1783607652228,2026-07-09 16:34:12.228,C3:00:00:63:4C:D2,-54,127,4.5,2.0,1.5
1783607652328,2026-07-09 16:34:12.328,C3:00:00:63:4C:D2,-72,127,4.5,2.0,1.5
1783607652432,2026-07-09 16:34:12.432,C3:00:00:63:4C:D2,-57,127,4.5,2.0,1.5
1783607652537,2026-07-09 16:34:12.537,C3:00:00:63:4C:D2,-54,127,4.5,2.0,1.5
1783607652635,2026-07-09 16:34:12.635,C3:00:00:63:4C:D2,-76,127,4.5,2.0,1.5
1783607652748,2026-07-09 16:34:12.748,C3:00:00:63:4C:D2,-59,127,4.5,2.0,1.5
1783607652853,2026-07-09 16:34:12.853,C3:00:00:63:4C:D2,-53,127,4.5,2.0,1.5
1783607653044,2026-07-09 16:34:13.044,C3:00:00:63:4C:D2,-57,127,4.5,2.0,1.5
1783607653058,2026-07-09 16:34:13.058,C3:00:00:63:4C:D2,-58,127,4.5,2.0,1.5
1783607653275,2026-07-09 16:34:13.275,C3:00:00:63:4C:D2,-59,127,4.5,2.0,1.5
1783607653297,2026-07-09 16:34:13.297,C3:00:00:63:4C:D2,-58,127,4.5,2.0,1.5
1783607653372,2026-07-09 16:34:13.372,C3:00:00:63:4C:D2,-52,127,4.5,2.0,1.5
1783607653589,2026-07-09 16:34:13.589,C3:00:00:63:4C:D2,-56,127,4.5,2.0,1.5
1783607653692,2026-07-09 16:34:13.692,C3:00:00:63:4C:D2,-54,127,4.5,2.0,1.5
1783607653797,2026-07-09 16:34:13.797,C3:00:00:63:4C:D2,-69,127,4.5,2.0,1.5
1783607653903,2026-07-09 16:34:13.903,C3:00:00:63:4C:D2,-59,127,4.5,2.0,1.5
1783607654003,2026-07-09 16:34:14.003,C3:00:00:63:4C:D2,-53,127,4.5,2.0,1.5
1783607654211,2026-07-09 16:34:14.211,C3:00:00:63:4C:D2,-56,127,4.5,2.0,1.5
1783607654231,2026-07-09 16:34:14.231,C3:00:00:63:4C:D2,-64,127,4.5,2.0,1.5
1783607654318,2026-07-09 16:34:14.318,C3:00:00:63:4C:D2,-54,127,4.5,2.0,1.5
1783607654422,2026-07-09 16:34:14.422,C3:00:00:63:4C:D2,-64,127,4.5,2.0,1.5
1783607654636,2026-07-09 16:34:14.636,C3:00:00:63:4C:D2,-53,127,4.5,2.0,1.5
1783607654735,2026-07-09 16:34:14.735,C3:00:00:63:4C:D2,-63,127,4.5,2.0,1.5
1783607654841,2026-07-09 16:34:14.841,C3:00:00:63:4C:D2,-57,127,4.5,2.0,1.5
1783607654947,2026-07-09 16:34:14.947,C3:00:00:63:4C:D2,-52,127,4.5,2.0,1.5
1783607655157,2026-07-09 16:34:15.157,C3:00:00:63:4C:D2,-59,127,4.5,2.0,1.5
1783607655293,2026-07-09 16:34:15.293,C3:00:00:63:4C:D2,-63,127,4.5,2.0,1.5
1783607655368,2026-07-09 16:34:15.368,C3:00:00:63:4C:D2,-58,127,4.5,2.0,1.5
1783607655685,2026-07-09 16:34:15.685,C3:00:00:63:4C:D2,-68,127,4.5,2.0,1.5
1783607655800,2026-07-09 16:34:15.800,C3:00:00:63:4C:D2,-59,127,4.5,2.0,1.5
1783607655894,2026-07-09 16:34:15.894,C3:00:00:63:4C:D2,-69,127,4.5,2.0,1.5
1783607655999,2026-07-09 16:34:15.999,C3:00:00:63:4C:D2,-58,127,4.5,2.0,1.5
1783607656099,2026-07-09 16:34:16.099,C3:00:00:63:4C:D2,-54,127,4.5,2.0,1.5
1783607656207,2026-07-09 16:34:16.207,C3:00:00:63:4C:D2,-63,127,4.5,2.0,1.5
1783607656316,2026-07-09 16:34:16.316,C3:00:00:63:4C:D2,-56,127,4.5,2.0,1.5
1783607656416,2026-07-09 16:34:16.416,C3:00:00:63:4C:D2,-54,127,4.5,2.0,1.5
1783607656527,2026-07-09 16:34:16.527,C3:00:00:63:4C:D2,-69,127,4.5,2.0,1.5
1783607656729,2026-07-09 16:34:16.729,C3:00:00:63:4C:D2,-55,127,4.5,2.0,1.5
1783607656837,2026-07-09 16:34:16.837,C3:00:00:63:4C:D2,-71,127,4.5,2.0,1.5
1783607656943,2026-07-09 16:34:16.943,C3:00:00:63:4C:D2,-58,127,4.5,2.0,1.5
1783607657040,2026-07-09 16:34:17.040,C3:00:00:63:4C:D2,-58,127,4.5,2.0,1.5
1783607657059,2026-07-09 16:34:17.059,C3:00:00:63:4C:D2,-56,127,4.5,2.0,1.5
1783607657144,2026-07-09 16:34:17.144,C3:00:00:63:4C:D2,-74,127,4.5,2.0,1.5
1783607657261,2026-07-09 16:34:17.261,C3:00:00:63:4C:D2,-57,127,4.5,2.0,1.5
1783607657360,2026-07-09 16:34:17.360,C3:00:00:63:4C:D2,-54,127,4.5,2.0,1.5
1783607657462,2026-07-09 16:34:17.462,C3:00:00:63:4C:D2,-71,127,4.5,2.0,1.5
1783607657575,2026-07-09 16:34:17.575,C3:00:00:63:4C:D2,-53,127,4.5,2.0,1.5
1783607657786,2026-07-09 16:34:17.786,C3:00:00:63:4C:D2,-58,127,4.5,2.0,1.5
1783607657888,2026-07-09 16:34:17.888,C3:00:00:63:4C:D2,-54,127,4.5,2.0,1.5
1783607657984,2026-07-09 16:34:17.984,C3:00:00:63:4C:D2,-71,127,4.5,2.0,1.5
1783607658105,2026-07-09 16:34:18.105,C3:00:00:63:4C:D2,-58,127,4.5,2.0,1.5
1783607658199,2026-07-09 16:34:18.199,C3:00:00:63:4C:D2,-55,127,4.5,2.0,1.5
1783607658301,2026-07-09 16:34:18.301,C3:00:00:63:4C:D2,-70,127,4.5,2.0,1.5
1783607658412,2026-07-09 16:34:18.412,C3:00:00:63:4C:D2,-57,127,4.5,2.0,1.5
1783607658515,2026-07-09 16:34:18.515,C3:00:00:63:4C:D2,-54,127,4.5,2.0,1.5
1783607658617,2026-07-09 16:34:18.617,C3:00:00:63:4C:D2,-68,127,4.5,2.0,1.5
1783607658845,2026-07-09 16:34:18.845,C3:00:00:63:4C:D2,-52,127,4.5,2.0,1.5
1783607658941,2026-07-09 16:34:18.941,C3:00:00:63:4C:D2,-72,127,4.5,2.0,1.5
1783607659039,2026-07-09 16:34:19.039,C3:00:00:63:4C:D2,-59,127,4.5,2.0,1.5
1783607659057,2026-07-09 16:34:19.057,C3:00:00:63:4C:D2,-59,127,4.5,2.0,1.5
1783607659410,2026-07-09 16:34:19.410,C3:00:00:63:4C:D2,-55,127,4.5,2.0,1.5
1783607659462,2026-07-09 16:34:19.462,C3:00:00:63:4C:D2,-55,127,4.5,2.0,1.5
1783607659574,2026-07-09 16:34:19.574,C3:00:00:63:4C:D2,-56,127,4.5,2.0,1.5
1783607659780,2026-07-09 16:34:19.780,C3:00:00:63:4C:D2,-75,127,4.5,2.0,1.5
1783607660304,2026-07-09 16:34:20.304,C3:00:00:63:4C:D2,-54,127,4.5,2.0,1.5
1783607660404,2026-07-09 16:34:20.404,C3:00:00:63:4C:D2,-71,127,4.5,2.0,1.5
1783607660515,2026-07-09 16:34:20.515,C3:00:00:63:4C:D2,-56,127,4.5,2.0,1.5
1783607660614,2026-07-09 16:34:20.614,C3:00:00:63:4C:D2,-54,127,4.5,2.0,1.5
1783607660727,2026-07-09 16:34:20.727,C3:00:00:63:4C:D2,-77,127,4.5,2.0,1.5
1783607660933,2026-07-09 16:34:20.933,C3:00:00:63:4C:D2,-53,127,4.5,2.0,1.5
1783607661038,2026-07-09 16:34:21.038,C3:00:00:63:4C:D2,-70,127,4.5,2.0,1.5
1783607661064,2026-07-09 16:34:21.064,C3:00:00:63:4C:D2,-72,127,4.5,2.0,1.5
1783607661151,2026-07-09 16:34:21.151,C3:00:00:63:4C:D2,-57,127,4.5,2.0,1.5
1783607661244,2026-07-09 16:34:21.244,C3:00:00:63:4C:D2,-55,127,4.5,2.0,1.5
1783607661314,2026-07-09 16:34:21.314,C3:00:00:63:4C:D2,-67,127,4.5,2.0,1.5
1783607661455,2026-07-09 16:34:21.455,C3:00:00:63:4C:D2,-56,127,4.5,2.0,1.5
1783607661573,2026-07-09 16:34:21.573,C3:00:00:63:4C:D2,-54,127,4.5,2.0,1.5
1783607661769,2026-07-09 16:34:21.769,C3:00:00:63:4C:D2,-54,127,4.5,2.0,1.5
1783607661979,2026-07-09 16:34:21.979,C3:00:00:63:4C:D2,-56,127,4.5,2.0,1.5
1783607662083,2026-07-09 16:34:22.083,C3:00:00:63:4C:D2,-54,127,4.5,2.0,1.5
1783607662242,2026-07-09 16:34:22.242,C3:00:00:63:4C:D2,-82,127,4.5,2.0,1.5
1783607662294,2026-07-09 16:34:22.294,C3:00:00:63:4C:D2,-57,127,4.5,2.0,1.5
1783607662396,2026-07-09 16:34:22.396,C3:00:00:63:4C:D2,-52,127,4.5,2.0,1.5
1783607662505,2026-07-09 16:34:22.505,C3:00:00:63:4C:D2,-70,127,4.5,2.0,1.5
1783607662927,2026-07-09 16:34:22.927,C3:00:00:63:4C:D2,-56,127,4.5,2.0,1.5
1783607663034,2026-07-09 16:34:23.034,C3:00:00:63:4C:D2,-53,127,4.5,2.0,1.5
1783607663052,2026-07-09 16:34:23.052,C3:00:00:63:4C:D2,-53,127,4.5,2.0,1.5
1783607663138,2026-07-09 16:34:23.138,C3:00:00:63:4C:D2,-62,127,4.5,2.0,1.5
1783607663248,2026-07-09 16:34:23.248,C3:00:00:63:4C:D2,-56,127,4.5,2.0,1.5
1783607663329,2026-07-09 16:34:23.329,C3:00:00:63:4C:D2,-52,127,4.5,2.0,1.5
1783607663348,2026-07-09 16:34:23.348,C3:00:00:63:4C:D2,-52,127,4.5,2.0,1.5
1783607663450,2026-07-09 16:34:23.450,C3:00:00:63:4C:D2,-64,127,4.5,2.0,1.5
1783607663556,2026-07-09 16:34:23.556,C3:00:00:63:4C:D2,-56,127,4.5,2.0,1.5
1783607663660,2026-07-09 16:34:23.660,C3:00:00:63:4C:D2,-54,127,4.5,2.0,1.5
1783607663868,2026-07-09 16:34:23.868,C3:00:00:63:4C:D2,-61,127,4.5,2.0,1.5
1783607663976,2026-07-09 16:34:23.976,C3:00:00:63:4C:D2,-66,127,4.5,2.0,1.5
1783607664083,2026-07-09 16:34:24.083,C3:00:00:63:4C:D2,-59,127,4.5,2.0,1.5
1783607664186,2026-07-09 16:34:24.186,C3:00:00:63:4C:D2,-54,127,4.5,2.0,1.5
1783607664291,2026-07-09 16:34:24.291,C3:00:00:63:4C:D2,-80,127,4.5,2.0,1.5
1783607664400,2026-07-09 16:34:24.400,C3:00:00:63:4C:D2,-59,127,4.5,2.0,1.5
1783607664499,2026-07-09 16:34:24.499,C3:00:00:63:4C:D2,-54,127,4.5,2.0,1.5
1783607664609,2026-07-09 16:34:24.609,C3:00:00:63:4C:D2,-68,127,4.5,2.0,1.5
1783607664709,2026-07-09 16:34:24.709,C3:00:00:63:4C:D2,-54,127,4.5,2.0,1.5
1783607664824,2026-07-09 16:34:24.824,C3:00:00:63:4C:D2,-55,127,4.5,2.0,1.5
1783607664934,2026-07-09 16:34:24.934,C3:00:00:63:4C:D2,-69,127,4.5,2.0,1.5
1783607665134,2026-07-09 16:34:25.134,C3:00:00:63:4C:D2,-55,127,4.5,2.0,1.5
1783607665234,2026-07-09 16:34:25.234,C3:00:00:63:4C:D2,-69,127,4.5,2.0,1.5
1783607665326,2026-07-09 16:34:25.326,C3:00:00:63:4C:D2,-60,127,4.5,2.0,1.5
1783607665451,2026-07-09 16:34:25.451,C3:00:00:63:4C:D2,-56,127,4.5,2.0,1.5
1783607665552,2026-07-09 16:34:25.552,C3:00:00:63:4C:D2,-68,127,4.5,2.0,1.5
1783607665762,2026-07-09 16:34:25.762,C3:00:00:63:4C:D2,-54,127,4.5,2.0,1.5
1783607665875,2026-07-09 16:34:25.875,C3:00:00:63:4C:D2,-56,127,4.5,2.0,1.5
1783607665976,2026-07-09 16:34:25.976,C3:00:00:63:4C:D2,-54,127,4.5,2.0,1.5
1783607666189,2026-07-09 16:34:26.189,C3:00:00:63:4C:D2,-56,127,4.5,2.0,1.5
1783607666292,2026-07-09 16:34:26.292,C3:00:00:63:4C:D2,-55,127,4.5,2.0,1.5
1783607666387,2026-07-09 16:34:26.387,C3:00:00:63:4C:D2,-71,127,4.5,2.0,1.5
1783607666511,2026-07-09 16:34:26.511,C3:00:00:63:4C:D2,-58,127,4.5,2.0,1.5
1783607666814,2026-07-09 16:34:26.814,C3:00:00:63:4C:D2,-57,127,4.5,2.0,1.5
1783607667023,2026-07-09 16:34:27.023,C3:00:00:63:4C:D2,-78,127,4.5,2.0,1.5
1783607667079,2026-07-09 16:34:27.079,C3:00:00:63:4C:D2,-58,127,4.5,2.0,1.5
1783607667133,2026-07-09 16:34:27.133,C3:00:00:63:4C:D2,-58,127,4.5,2.0,1.5
1783607667227,2026-07-09 16:34:27.227,C3:00:00:63:4C:D2,-55,127,4.5,2.0,1.5
1783607667341,2026-07-09 16:34:27.341,C3:00:00:63:4C:D2,-69,127,4.5,2.0,1.5
1783607667360,2026-07-09 16:34:27.360,C3:00:00:63:4C:D2,-69,127,4.5,2.0,1.5
1783607667425,2026-07-09 16:34:27.425,C3:00:00:63:4C:D2,-59,127,4.5,2.0,1.5
1783607667443,2026-07-09 16:34:27.443,C3:00:00:63:4C:D2,-58,127,4.5,2.0,1.5
1783607667543,2026-07-09 16:34:27.543,C3:00:00:63:4C:D2,-54,127,4.5,2.0,1.5
1783607667647,2026-07-09 16:34:27.647,C3:00:00:63:4C:D2,-70,127,4.5,2.0,1.5
1783607667755,2026-07-09 16:34:27.755,C3:00:00:63:4C:D2,-57,127,4.5,2.0,1.5
1783607667970,2026-07-09 16:34:27.970,C3:00:00:63:4C:D2,-59,127,4.5,2.0,1.5
1783607668175,2026-07-09 16:34:28.175,C3:00:00:63:4C:D2,-70,127,4.5,2.0,1.5
1783607668286,2026-07-09 16:34:28.286,C3:00:00:63:4C:D2,-57,127,4.5,2.0,1.5
1783607668386,2026-07-09 16:34:28.386,C3:00:00:63:4C:D2,-55,127,4.5,2.0,1.5
1783607668487,2026-07-09 16:34:28.487,C3:00:00:63:4C:D2,-70,127,4.5,2.0,1.5
1783607668697,2026-07-09 16:34:28.697,C3:00:00:63:4C:D2,-55,127,4.5,2.0,1.5
1783607668807,2026-07-09 16:34:28.807,C3:00:00:63:4C:D2,-67,127,4.5,2.0,1.5
1783607668911,2026-07-09 16:34:28.911,C3:00:00:63:4C:D2,-60,127,4.5,2.0,1.5
1783607669020,2026-07-09 16:34:29.020,C3:00:00:63:4C:D2,-54,127,4.5,2.0,1.5
1783607669072,2026-07-09 16:34:29.072,C3:00:00:63:4C:D2,-68,127,4.5,2.0,1.5
1783607669123,2026-07-09 16:34:29.123,C3:00:00:63:4C:D2,-72,127,4.5,2.0,1.5
1783607669227,2026-07-09 16:34:29.227,C3:00:00:63:4C:D2,-58,127,4.5,2.0,1.5
1783607669341,2026-07-09 16:34:29.341,C3:00:00:63:4C:D2,-54,127,4.5,2.0,1.5
1783607669358,2026-07-09 16:34:29.358,C3:00:00:63:4C:D2,-54,127,4.5,2.0,1.5
1783607669653,2026-07-09 16:34:29.653,C3:00:00:63:4C:D2,-54,127,4.5,2.0,1.5
1783607669747,2026-07-09 16:34:29.747,C3:00:00:63:4C:D2,-74,127,4.5,2.0,1.5
1783607669852,2026-07-09 16:34:29.852,C3:00:00:63:4C:D2,-58,127,4.5,2.0,1.5
1783607669969,2026-07-09 16:34:29.969,C3:00:00:63:4C:D2,-56,127,4.5,2.0,1.5
1783607670060,2026-07-09 16:34:30.060,C3:00:00:63:4C:D2,-68,127,4.5,2.0,1.5
1783607670169,2026-07-09 16:34:30.169,C3:00:00:63:4C:D2,-54,127,4.5,2.0,1.5
1783607670266,2026-07-09 16:34:30.266,C3:00:00:63:4C:D2,-64,127,4.5,2.0,1.5
1783607670278,2026-07-09 16:34:30.278,C3:00:00:63:4C:D2,-64,127,4.5,2.0,1.5
1783607670381,2026-07-09 16:34:30.381,C3:00:00:63:4C:D2,-59,127,4.5,2.0,1.5
1783607670488,2026-07-09 16:34:30.488,C3:00:00:63:4C:D2,-55,127,4.5,2.0,1.5
1783607670589,2026-07-09 16:34:30.589,C3:00:00:63:4C:D2,-70,127,4.5,2.0,1.5
1783607670692,2026-07-09 16:34:30.692,C3:00:00:63:4C:D2,-56,127,4.5,2.0,1.5
1783607670803,2026-07-09 16:34:30.803,C3:00:00:63:4C:D2,-57,127,4.5,2.0,1.5
1783607670901,2026-07-09 16:34:30.901,C3:00:00:63:4C:D2,-72,127,4.5,2.0,1.5
1783607671006,2026-07-09 16:34:31.006,C3:00:00:63:4C:D2,-57,127,4.5,2.0,1.5
1783607671120,2026-07-09 16:34:31.120,C3:00:00:63:4C:D2,-53,127,4.5,2.0,1.5
1783607671219,2026-07-09 16:34:31.219,C3:00:00:63:4C:D2,-62,127,4.5,2.0,1.5
1783607671336,2026-07-09 16:34:31.336,C3:00:00:63:4C:D2,-62,127,4.5,2.0,1.5
1783607671356,2026-07-09 16:34:31.356,C3:00:00:63:4C:D2,-63,127,4.5,2.0,1.5
1783607671427,2026-07-09 16:34:31.427,C3:00:00:63:4C:D2,-55,127,4.5,2.0,1.5
1783607671536,2026-07-09 16:34:31.536,C3:00:00:63:4C:D2,-63,127,4.5,2.0,1.5
1783607671953,2026-07-09 16:34:31.953,C3:00:00:63:4C:D2,-60,127,4.5,2.0,1.5
1783607672275,2026-07-09 16:34:32.275,C3:00:00:63:4C:D2,-54,127,4.5,2.0,1.5
1783607672373,2026-07-09 16:34:32.373,C3:00:00:63:4C:D2,-71,127,4.5,2.0,1.5
1783607672483,2026-07-09 16:34:32.483,C3:00:00:63:4C:D2,-61,127,4.5,2.0,1.5
1783607672590,2026-07-09 16:34:32.590,C3:00:00:63:4C:D2,-54,127,4.5,2.0,1.5
1783607672805,2026-07-09 16:34:32.805,C3:00:00:63:4C:D2,-59,127,4.5,2.0,1.5
1783607672907,2026-07-09 16:34:32.907,C3:00:00:63:4C:D2,-56,127,4.5,2.0,1.5
1783607673002,2026-07-09 16:34:33.002,C3:00:00:63:4C:D2,-73,127,4.5,2.0,1.5
1783607673084,2026-07-09 16:34:33.084,C3:00:00:63:4C:D2,-59,127,4.5,2.0,1.5
1783607673220,2026-07-09 16:34:33.220,C3:00:00:63:4C:D2,-54,127,4.5,2.0,1.5
1783607673335,2026-07-09 16:34:33.335,C3:00:00:63:4C:D2,-69,127,4.5,2.0,1.5
1783607673361,2026-07-09 16:34:33.361,C3:00:00:63:4C:D2,-66,127,4.5,2.0,1.5
1783607673537,2026-07-09 16:34:33.537,C3:00:00:63:4C:D2,-55,127,4.5,2.0,1.5
1783607673841,2026-07-09 16:34:33.841,C3:00:00:63:4C:D2,-54,127,4.5,2.0,1.5
1783607673948,2026-07-09 16:34:33.948,C3:00:00:63:4C:D2,-77,127,4.5,2.0,1.5
1783607674056,2026-07-09 16:34:34.056,C3:00:00:63:4C:D2,-58,127,4.5,2.0,1.5
1783607674165,2026-07-09 16:34:34.165,C3:00:00:63:4C:D2,-54,127,4.5,2.0,1.5
1783607674260,2026-07-09 16:34:34.260,C3:00:00:63:4C:D2,-72,127,4.5,2.0,1.5
1783607674288,2026-07-09 16:34:34.288,C3:00:00:63:4C:D2,-67,127,4.5,2.0,1.5
1783607674590,2026-07-09 16:34:34.590,C3:00:00:63:4C:D2,-58,127,4.5,2.0,1.5
1783607674901,2026-07-09 16:34:34.901,C3:00:00:63:4C:D2,-59,127,4.5,2.0,1.5
1783607675087,2026-07-09 16:34:35.087,C3:00:00:63:4C:D2,-70,127,4.5,2.0,1.5
1783607675109,2026-07-09 16:34:35.109,C3:00:00:63:4C:D2,-70,127,4.5,2.0,1.5
1783607675206,2026-07-09 16:34:35.206,C3:00:00:63:4C:D2,-58,127,4.5,2.0,1.5
1783607675424,2026-07-09 16:34:35.424,C3:00:00:63:4C:D2,-73,127,4.5,2.0,1.5
1783607675449,2026-07-09 16:34:35.449,C3:00:00:63:4C:D2,-72,127,4.5,2.0,1.5
1783607675525,2026-07-09 16:34:35.525,C3:00:00:63:4C:D2,-57,127,4.5,2.0,1.5
1783607675629,2026-07-09 16:34:35.629,C3:00:00:63:4C:D2,-55,127,4.5,2.0,1.5
1783607675729,2026-07-09 16:34:35.729,C3:00:00:63:4C:D2,-76,127,4.5,2.0,1.5
1783607675955,2026-07-09 16:34:35.955,C3:00:00:63:4C:D2,-55,127,4.5,2.0,1.5
1783607676055,2026-07-09 16:34:36.055,C3:00:00:63:4C:D2,-72,127,4.5,2.0,1.5
1783607676157,2026-07-09 16:34:36.157,C3:00:00:63:4C:D2,-56,127,4.5,2.0,1.5
1783607676267,2026-07-09 16:34:36.267,C3:00:00:63:4C:D2,-55,127,4.5,2.0,1.5
1783607676367,2026-07-09 16:34:36.367,C3:00:00:63:4C:D2,-72,127,4.5,2.0,1.5
1783607676468,2026-07-09 16:34:36.468,C3:00:00:63:4C:D2,-59,127,4.5,2.0,1.5
1783607676680,2026-07-09 16:34:36.680,C3:00:00:63:4C:D2,-58,127,4.5,2.0,1.5
1783607676785,2026-07-09 16:34:36.785,C3:00:00:63:4C:D2,-54,127,4.5,2.0,1.5
1783607676894,2026-07-09 16:34:36.894,C3:00:00:63:4C:D2,-69,127,4.5,2.0,1.5
1783607677005,2026-07-09 16:34:37.005,C3:00:00:63:4C:D2,-57,127,4.5,2.0,1.5
1783607677099,2026-07-09 16:34:37.099,C3:00:00:63:4C:D2,-55,127,4.5,2.0,1.5
1783607677115,2026-07-09 16:34:37.115,C3:00:00:63:4C:D2,-55,127,4.5,2.0,1.5
1783607677305,2026-07-09 16:34:37.305,C3:00:00:63:4C:D2,-59,127,4.5,2.0,1.5
1783607677373,2026-07-09 16:34:37.373,C3:00:00:63:4C:D2,-55,127,4.5,2.0,1.5
1783607677431,2026-07-09 16:34:37.431,C3:00:00:63:4C:D2,-54,127,4.5,2.0,1.5
1783607677522,2026-07-09 16:34:37.522,C3:00:00:63:4C:D2,-74,127,4.5,2.0,1.5
1783607677628,2026-07-09 16:34:37.628,C3:00:00:63:4C:D2,-59,127,4.5,2.0,1.5
1783607677837,2026-07-09 16:34:37.837,C3:00:00:63:4C:D2,-77,127,4.5,2.0,1.5
1783607677943,2026-07-09 16:34:37.943,C3:00:00:63:4C:D2,-60,127,4.5,2.0,1.5
1783607678284,2026-07-09 16:34:38.284,C3:00:00:63:4C:D2,-60,127,4.5,2.0,1.5
1783607678366,2026-07-09 16:34:38.366,C3:00:00:63:4C:D2,-54,127,4.5,2.0,1.5
1783607678464,2026-07-09 16:34:38.464,C3:00:00:63:4C:D2,-74,127,4.5,2.0,1.5
1783607678569,2026-07-09 16:34:38.569,C3:00:00:63:4C:D2,-58,127,4.5,2.0,1.5
1783607678674,2026-07-09 16:34:38.674,C3:00:00:63:4C:D2,-70,127,4.5,2.0,1.5
1783607678785,2026-07-09 16:34:38.785,C3:00:00:63:4C:D2,-56,127,4.5,2.0,1.5
1783607678891,2026-07-09 16:34:38.891,C3:00:00:63:4C:D2,-55,127,4.5,2.0,1.5
1783607678982,2026-07-09 16:34:38.982,C3:00:00:63:4C:D2,-74,127,4.5,2.0,1.5
1783607679094,2026-07-09 16:34:39.094,C3:00:00:63:4C:D2,-59,127,4.5,2.0,1.5
1783607679112,2026-07-09 16:34:39.112,C3:00:00:63:4C:D2,-59,127,4.5,2.0,1.5
1783607679307,2026-07-09 16:34:39.307,C3:00:00:63:4C:D2,-68,127,4.5,2.0,1.5
1783607679375,2026-07-09 16:34:39.375,C3:00:00:63:4C:D2,-58,127,4.5,2.0,1.5
1783607679408,2026-07-09 16:34:39.408,C3:00:00:63:4C:D2,-59,127,4.5,2.0,1.5
1783607679520,2026-07-09 16:34:39.520,C3:00:00:63:4C:D2,-59,127,4.5,2.0,1.5
1783607679619,2026-07-09 16:34:39.619,C3:00:00:63:4C:D2,-67,127,4.5,2.0,1.5
1783607679727,2026-07-09 16:34:39.727,C3:00:00:63:4C:D2,-58,127,4.5,2.0,1.5
1783607679831,2026-07-09 16:34:39.831,C3:00:00:63:4C:D2,-57,127,4.5,2.0,1.5
1783607679939,2026-07-09 16:34:39.939,C3:00:00:63:4C:D2,-73,127,4.5,2.0,1.5
1783607680041,2026-07-09 16:34:40.041,C3:00:00:63:4C:D2,-55,127,4.5,2.0,1.5
1783607680148,2026-07-09 16:34:40.148,C3:00:00:63:4C:D2,-55,127,4.5,2.0,1.5
1783607680251,2026-07-09 16:34:40.251,C3:00:00:63:4C:D2,-63,127,4.5,2.0,1.5
1783607680355,2026-07-09 16:34:40.355,C3:00:00:63:4C:D2,-60,127,4.5,2.0,1.5
1783607680558,2026-07-09 16:34:40.558,C3:00:00:63:4C:D2,-63,127,4.5,2.0,1.5
1783607680678,2026-07-09 16:34:40.678,C3:00:00:63:4C:D2,-60,127,4.5,2.0,1.5
1783607680776,2026-07-09 16:34:40.776,C3:00:00:63:4C:D2,-61,127,4.5,2.0,1.5
1783607680991,2026-07-09 16:34:40.991,C3:00:00:63:4C:D2,-58,127,4.5,2.0,1.5
1783607681089,2026-07-09 16:34:41.089,C3:00:00:63:4C:D2,-64,127,4.5,2.0,1.5
1783607681103,2026-07-09 16:34:41.103,C3:00:00:63:4C:D2,-65,127,4.5,2.0,1.5
1783607681198,2026-07-09 16:34:41.198,C3:00:00:63:4C:D2,-57,127,4.5,2.0,1.5
1783607681296,2026-07-09 16:34:41.296,C3:00:00:63:4C:D2,-58,127,4.5,2.0,1.5
1783607681382,2026-07-09 16:34:41.382,C3:00:00:63:4C:D2,-66,127,4.5,2.0,1.5
1783607681505,2026-07-09 16:34:41.505,C3:00:00:63:4C:D2,-60,127,4.5,2.0,1.5
1783607681617,2026-07-09 16:34:41.617,C3:00:00:63:4C:D2,-58,127,4.5,2.0,1.5
1783607681712,2026-07-09 16:34:41.712,C3:00:00:63:4C:D2,-69,127,4.5,2.0,1.5
1783607681826,2026-07-09 16:34:41.826,C3:00:00:63:4C:D2,-60,127,4.5,2.0,1.5
1783607681924,2026-07-09 16:34:41.924,C3:00:00:63:4C:D2,-54,127,4.5,2.0,1.5
1783607682038,2026-07-09 16:34:42.038,C3:00:00:63:4C:D2,-72,127,4.5,2.0,1.5
1783607682242,2026-07-09 16:34:42.242,C3:00:00:63:4C:D2,-53,127,4.5,2.0,1.5
1783607682346,2026-07-09 16:34:42.346,C3:00:00:63:4C:D2,-69,127,4.5,2.0,1.5
1783607682456,2026-07-09 16:34:42.456,C3:00:00:63:4C:D2,-58,127,4.5,2.0,1.5
1783607682772,2026-07-09 16:34:42.772,C3:00:00:63:4C:D2,-58,127,4.5,2.0,1.5
1783607682870,2026-07-09 16:34:42.870,C3:00:00:63:4C:D2,-68,127,4.5,2.0,1.5
1783607682984,2026-07-09 16:34:42.984,C3:00:00:63:4C:D2,-56,127,4.5,2.0,1.5
1783607683082,2026-07-09 16:34:43.082,C3:00:00:63:4C:D2,-57,127,4.5,2.0,1.5
1783607683192,2026-07-09 16:34:43.192,C3:00:00:63:4C:D2,-69,127,4.5,2.0,1.5
1783607683296,2026-07-09 16:34:43.296,C3:00:00:63:4C:D2,-57,127,4.5,2.0,1.5
1783607683384,2026-07-09 16:34:43.384,C3:00:00:63:4C:D2,-55,127,4.5,2.0,1.5
1783607683412,2026-07-09 16:34:43.412,C3:00:00:63:4C:D2,-55,127,4.5,2.0,1.5
1783607683433,2026-07-09 16:34:43.433,C3:00:00:63:4C:D2,-54,127,4.5,2.0,1.5
1783607683611,2026-07-09 16:34:43.611,C3:00:00:63:4C:D2,-58,127,4.5,2.0,1.5
1783607683713,2026-07-09 16:34:43.713,C3:00:00:63:4C:D2,-58,127,4.5,2.0,1.5
1783607683812,2026-07-09 16:34:43.812,C3:00:00:63:4C:D2,-66,127,4.5,2.0,1.5
1783607683924,2026-07-09 16:34:43.924,C3:00:00:63:4C:D2,-58,127,4.5,2.0,1.5
1783607684135,2026-07-09 16:34:44.135,C3:00:00:63:4C:D2,-72,127,4.5,2.0,1.5
1783607684448,2026-07-09 16:34:44.448,C3:00:00:63:4C:D2,-69,127,4.5,2.0,1.5
1783607684666,2026-07-09 16:34:44.666,C3:00:00:63:4C:D2,-55,127,4.5,2.0,1.5
1783607684870,2026-07-09 16:34:44.870,C3:00:00:63:4C:D2,-55,127,4.5,2.0,1.5
1783607685185,2026-07-09 16:34:45.185,C3:00:00:63:4C:D2,-54,127,4.5,2.0,1.5
1783607685401,2026-07-09 16:34:45.401,C3:00:00:63:4C:D2,-55,127,4.5,2.0,1.5
1783607685502,2026-07-09 16:34:45.502,C3:00:00:63:4C:D2,-52,127,4.5,2.0,1.5
1783607685707,2026-07-09 16:34:45.707,C3:00:00:63:4C:D2,-56,127,4.5,2.0,1.5
1783607685816,2026-07-09 16:34:45.816,C3:00:00:63:4C:D2,-56,127,4.5,2.0,1.5
1783607685913,2026-07-09 16:34:45.913,C3:00:00:63:4C:D2,-76,127,4.5,2.0,1.5
1783607686022,2026-07-09 16:34:46.022,C3:00:00:63:4C:D2,-55,127,4.5,2.0,1.5
1783607686226,2026-07-09 16:34:46.226,C3:00:00:63:4C:D2,-67,127,4.5,2.0,1.5
1783607686289,2026-07-09 16:34:46.289,C3:00:00:63:4C:D2,-65,127,4.5,2.0,1.5
1783607686336,2026-07-09 16:34:46.336,C3:00:00:63:4C:D2,-58,127,4.5,2.0,1.5
1783607686443,2026-07-09 16:34:46.443,C3:00:00:63:4C:D2,-60,127,4.5,2.0,1.5
1783607686547,2026-07-09 16:34:46.547,C3:00:00:63:4C:D2,-60,127,4.5,2.0,1.5
1783607686656,2026-07-09 16:34:46.656,C3:00:00:63:4C:D2,-78,127,4.5,2.0,1.5
1783607686869,2026-07-09 16:34:46.869,C3:00:00:63:4C:D2,-62,127,4.5,2.0,1.5
1783607686973,2026-07-09 16:34:46.973,C3:00:00:63:4C:D2,-60,127,4.5,2.0,1.5
1783607687073,2026-07-09 16:34:47.073,C3:00:00:63:4C:D2,-72,127,4.5,2.0,1.5
1783607687118,2026-07-09 16:34:47.118,C3:00:00:63:4C:D2,-72,127,4.5,2.0,1.5
1783607687177,2026-07-09 16:34:47.177,C3:00:00:63:4C:D2,-59,127,4.5,2.0,1.5
1783607687280,2026-07-09 16:34:47.280,C3:00:00:63:4C:D2,-55,127,4.5,2.0,1.5
1783607687390,2026-07-09 16:34:47.390,C3:00:00:63:4C:D2,-65,127,4.5,2.0,1.5
1783607687420,2026-07-09 16:34:47.420,C3:00:00:63:4C:D2,-66,127,4.5,2.0,1.5
1783607687439,2026-07-09 16:34:47.439,C3:00:00:63:4C:D2,-67,127,4.5,2.0,1.5
1783607687491,2026-07-09 16:34:47.491,C3:00:00:63:4C:D2,-59,127,4.5,2.0,1.5
1783607687815,2026-07-09 16:34:47.815,C3:00:00:63:4C:D2,-58,127,4.5,2.0,1.5
1783607688021,2026-07-09 16:34:48.021,C3:00:00:63:4C:D2,-68,127,4.5,2.0,1.5
1783607688122,2026-07-09 16:34:48.122,C3:00:00:63:4C:D2,-56,127,4.5,2.0,1.5
1783607688339,2026-07-09 16:34:48.339,C3:00:00:63:4C:D2,-79,127,4.5,2.0,1.5
1783607688446,2026-07-09 16:34:48.446,C3:00:00:63:4C:D2,-60,127,4.5,2.0,1.5
1783607688545,2026-07-09 16:34:48.545,C3:00:00:63:4C:D2,-54,127,4.5,2.0,1.5
1783607688652,2026-07-09 16:34:48.652,C3:00:00:63:4C:D2,-69,127,4.5,2.0,1.5
1783607688863,2026-07-09 16:34:48.863,C3:00:00:63:4C:D2,-54,127,4.5,2.0,1.5
1783607689070,2026-07-09 16:34:49.070,C3:00:00:63:4C:D2,-58,127,4.5,2.0,1.5
1783607689129,2026-07-09 16:34:49.129,C3:00:00:63:4C:D2,-54,127,4.5,2.0,1.5
1783607689168,2026-07-09 16:34:49.168,C3:00:00:63:4C:D2,-82,127,4.5,2.0,1.5
1783607689274,2026-07-09 16:34:49.274,C3:00:00:63:4C:D2,-60,127,4.5,2.0,1.5
1783607689410,2026-07-09 16:34:49.410,C3:00:00:63:4C:D2,-56,127,4.5,2.0,1.5
1783607689488,2026-07-09 16:34:49.488,C3:00:00:63:4C:D2,-76,127,4.5,2.0,1.5
1783607689594,2026-07-09 16:34:49.594,C3:00:00:63:4C:D2,-58,127,4.5,2.0,1.5
1783607689699,2026-07-09 16:34:49.699,C3:00:00:63:4C:D2,-54,127,4.5,2.0,1.5
1783607689915,2026-07-09 16:34:49.915,C3:00:00:63:4C:D2,-60,127,4.5,2.0,1.5
1783607690013,2026-07-09 16:34:50.013,C3:00:00:63:4C:D2,-55,127,4.5,2.0,1.5
1783607690117,2026-07-09 16:34:50.117,C3:00:00:63:4C:D2,-74,127,4.5,2.0,1.5
1783607690221,2026-07-09 16:34:50.221,C3:00:00:63:4C:D2,-59,127,4.5,2.0,1.5
1783607690304,2026-07-09 16:34:50.304,C3:00:00:63:4C:D2,-62,127,4.5,2.0,1.5
1783607690335,2026-07-09 16:34:50.335,C3:00:00:63:4C:D2,-54,127,4.5,2.0,1.5
1783607690435,2026-07-09 16:34:50.435,C3:00:00:63:4C:D2,-80,127,4.5,2.0,1.5
1783607690537,2026-07-09 16:34:50.537,C3:00:00:63:4C:D2,-58,127,4.5,2.0,1.5
1783607690646,2026-07-09 16:34:50.646,C3:00:00:63:4C:D2,-54,127,4.5,2.0,1.5
1783607690755,2026-07-09 16:34:50.755,C3:00:00:63:4C:D2,-68,127,4.5,2.0,1.5
1783607690867,2026-07-09 16:34:50.867,C3:00:00:63:4C:D2,-57,127,4.5,2.0,1.5
1783607690956,2026-07-09 16:34:50.956,C3:00:00:63:4C:D2,-55,127,4.5,2.0,1.5
1783607691067,2026-07-09 16:34:51.067,C3:00:00:63:4C:D2,-84,127,4.5,2.0,1.5
1783607691128,2026-07-09 16:34:51.128,C3:00:00:63:4C:D2,-58,127,4.5,2.0,1.5
1783607691275,2026-07-09 16:34:51.275,C3:00:00:63:4C:D2,-77,127,4.5,2.0,1.5
1783607691381,2026-07-09 16:34:51.381,C3:00:00:63:4C:D2,-58,127,4.5,2.0,1.5
1783607691405,2026-07-09 16:34:51.405,C3:00:00:63:4C:D2,-58,127,4.5,2.0,1.5
1783607691443,2026-07-09 16:34:51.443,C3:00:00:63:4C:D2,-58,127,4.5,2.0,1.5
1783607691589,2026-07-09 16:34:51.589,C3:00:00:63:4C:D2,-72,127,4.5,2.0,1.5
1783607691804,2026-07-09 16:34:51.804,C3:00:00:63:4C:D2,-54,127,4.5,2.0,1.5
1783607691902,2026-07-09 16:34:51.902,C3:00:00:63:4C:D2,-69,127,4.5,2.0,1.5
1783607692011,2026-07-09 16:34:52.011,C3:00:00:63:4C:D2,-58,127,4.5,2.0,1.5
1783607692113,2026-07-09 16:34:52.113,C3:00:00:63:4C:D2,-54,127,4.5,2.0,1.5
1783607692223,2026-07-09 16:34:52.223,C3:00:00:63:4C:D2,-73,127,4.5,2.0,1.5
1783607692321,2026-07-09 16:34:52.321,C3:00:00:63:4C:D2,-61,127,4.5,2.0,1.5
1783607692526,2026-07-09 16:34:52.526,C3:00:00:63:4C:D2,-78,127,4.5,2.0,1.5
1783607692637,2026-07-09 16:34:52.637,C3:00:00:63:4C:D2,-61,127,4.5,2.0,1.5
1783607692843,2026-07-09 16:34:52.843,C3:00:00:63:4C:D2,-69,127,4.5,2.0,1.5
1783607693058,2026-07-09 16:34:53.058,C3:00:00:63:4C:D2,-56,127,4.5,2.0,1.5
1783607693143,2026-07-09 16:34:53.143,C3:00:00:63:4C:D2,-67,127,4.5,2.0,1.5
1783607693161,2026-07-09 16:34:53.161,C3:00:00:63:4C:D2,-70,127,4.5,2.0,1.5
1783607693423,2026-07-09 16:34:53.423,C3:00:00:63:4C:D2,-69,127,4.5,2.0,1.5
1783607693480,2026-07-09 16:34:53.480,C3:00:00:63:4C:D2,-60,127,4.5,2.0,1.5
1783607693685,2026-07-09 16:34:53.685,C3:00:00:63:4C:D2,-68,127,4.5,2.0,1.5
1783607693792,2026-07-09 16:34:53.792,C3:00:00:63:4C:D2,-60,127,4.5,2.0,1.5
1783607693901,2026-07-09 16:34:53.901,C3:00:00:63:4C:D2,-51,127,4.5,2.0,1.5
1783607694104,2026-07-09 16:34:54.104,C3:00:00:63:4C:D2,-63,127,4.5,2.0,1.5
1783607694305,2026-07-09 16:34:54.305,C3:00:00:63:4C:D2,-74,127,4.5,2.0,1.5
1783607694331,2026-07-09 16:34:54.331,C3:00:00:63:4C:D2,-67,127,4.5,2.0,1.5
1783607694419,2026-07-09 16:34:54.419,C3:00:00:63:4C:D2,-61,127,4.5,2.0,1.5
1783607694737,2026-07-09 16:34:54.737,C3:00:00:63:4C:D2,-67,127,4.5,2.0,1.5
1783607694951,2026-07-09 16:34:54.951,C3:00:00:63:4C:D2,-67,127,4.5,2.0,1.5
1783607695134,2026-07-09 16:34:55.134,C3:00:00:63:4C:D2,-53,127,4.5,2.0,1.5
1783607695154,2026-07-09 16:34:55.154,C3:00:00:63:4C:D2,-53,127,4.5,2.0,1.5
1783607695453,2026-07-09 16:34:55.453,C3:00:00:63:4C:D2,-55,127,4.5,2.0,1.5
1783607695580,2026-07-09 16:34:55.580,C3:00:00:63:4C:D2,-58,127,4.5,2.0,1.5
1783607695683,2026-07-09 16:34:55.683,C3:00:00:63:4C:D2,-54,127,4.5,2.0,1.5
1783607695789,2026-07-09 16:34:55.789,C3:00:00:63:4C:D2,-70,127,4.5,2.0,1.5
1783607695893,2026-07-09 16:34:55.893,C3:00:00:63:4C:D2,-59,127,4.5,2.0,1.5
1783607695998,2026-07-09 16:34:55.998,C3:00:00:63:4C:D2,-54,127,4.5,2.0,1.5
1783607696103,2026-07-09 16:34:56.103,C3:00:00:63:4C:D2,-67,127,4.5,2.0,1.5
1783607696207,2026-07-09 16:34:56.207,C3:00:00:63:4C:D2,-57,127,4.5,2.0,1.5
1783607696312,2026-07-09 16:34:56.312,C3:00:00:63:4C:D2,-54,127,4.5,2.0,1.5
1783607696531,2026-07-09 16:34:56.531,C3:00:00:63:4C:D2,-60,127,4.5,2.0,1.5
1783607696630,2026-07-09 16:34:56.630,C3:00:00:63:4C:D2,-54,127,4.5,2.0,1.5
1783607696732,2026-07-09 16:34:56.732,C3:00:00:63:4C:D2,-69,127,4.5,2.0,1.5
1783607696837,2026-07-09 16:34:56.837,C3:00:00:63:4C:D2,-58,127,4.5,2.0,1.5
1783607696949,2026-07-09 16:34:56.949,C3:00:00:63:4C:D2,-55,127,4.5,2.0,1.5
1783607697043,2026-07-09 16:34:57.043,C3:00:00:63:4C:D2,-66,127,4.5,2.0,1.5
1783607697161,2026-07-09 16:34:57.161,C3:00:00:63:4C:D2,-62,127,4.5,2.0,1.5
1783607697251,2026-07-09 16:34:57.251,C3:00:00:63:4C:D2,-56,127,4.5,2.0,1.5
1783607697430,2026-07-09 16:34:57.430,C3:00:00:63:4C:D2,-74,127,4.5,2.0,1.5
1783607697461,2026-07-09 16:34:57.461,C3:00:00:63:4C:D2,-75,127,4.5,2.0,1.5
1783607697584,2026-07-09 16:34:57.584,C3:00:00:63:4C:D2,-61,127,4.5,2.0,1.5
1783607697682,2026-07-09 16:34:57.682,C3:00:00:63:4C:D2,-68,127,4.5,2.0,1.5
1783607697785,2026-07-09 16:34:57.785,C3:00:00:63:4C:D2,-59,127,4.5,2.0,1.5
1783607697995,2026-07-09 16:34:57.995,C3:00:00:63:4C:D2,-64,127,4.5,2.0,1.5
1783607698098,2026-07-09 16:34:58.098,C3:00:00:63:4C:D2,-56,127,4.5,2.0,1.5
1783607698305,2026-07-09 16:34:58.305,C3:00:00:63:4C:D2,-64,127,4.5,2.0,1.5
1783607698332,2026-07-09 16:34:58.332,C3:00:00:63:4C:D2,-70,127,4.5,2.0,1.5
1783607698411,2026-07-09 16:34:58.411,C3:00:00:63:4C:D2,-54,127,4.5,2.0,1.5
1783607698515,2026-07-09 16:34:58.515,C3:00:00:63:4C:D2,-70,127,4.5,2.0,1.5
1783607698729,2026-07-09 16:34:58.729,C3:00:00:63:4C:D2,-54,127,4.5,2.0,1.5
1783607699039,2026-07-09 16:34:59.039,C3:00:00:63:4C:D2,-54,127,4.5,2.0,1.5
1783607699255,2026-07-09 16:34:59.255,C3:00:00:63:4C:D2,-60,127,4.5,2.0,1.5
1783607699360,2026-07-09 16:34:59.360,C3:00:00:63:4C:D2,-55,127,4.5,2.0,1.5
1783607699481,2026-07-09 16:34:59.481,C3:00:00:63:4C:D2,-55,127,4.5,2.0,1.5
1783607699569,2026-07-09 16:34:59.569,C3:00:00:63:4C:D2,-62,127,4.5,2.0,1.5
1783607699777,2026-07-09 16:34:59.777,C3:00:00:63:4C:D2,-58,127,4.5,2.0,1.5
1783607700084,2026-07-09 16:35:00.084,C3:00:00:63:4C:D2,-58,127,4.5,2.0,1.5
1783607700204,2026-07-09 16:35:00.204,C3:00:00:63:4C:D2,-53,127,4.5,2.0,1.5
1783607700311,2026-07-09 16:35:00.311,C3:00:00:63:4C:D2,-70,127,4.5,2.0,1.5
1783607700408,2026-07-09 16:35:00.408,C3:00:00:63:4C:D2,-58,127,4.5,2.0,1.5
1783607700516,2026-07-09 16:35:00.516,C3:00:00:63:4C:D2,-54,127,4.5,2.0,1.5
1783607700619,2026-07-09 16:35:00.619,C3:00:00:63:4C:D2,-69,127,4.5,2.0,1.5
1783607700727,2026-07-09 16:35:00.727,C3:00:00:63:4C:D2,-57,127,4.5,2.0,1.5
1783607700827,2026-07-09 16:35:00.827,C3:00:00:63:4C:D2,-55,127,4.5,2.0,1.5
1783607700932,2026-07-09 16:35:00.932,C3:00:00:63:4C:D2,-68,127,4.5,2.0,1.5
1783607701046,2026-07-09 16:35:01.046,C3:00:00:63:4C:D2,-59,127,4.5,2.0,1.5
1783607701164,2026-07-09 16:35:01.164,C3:00:00:63:4C:D2,-55,127,4.5,2.0,1.5
1783607701353,2026-07-09 16:35:01.353,C3:00:00:63:4C:D2,-58,127,4.5,2.0,1.5
1783607701474,2026-07-09 16:35:01.474,C3:00:00:63:4C:D2,-56,127,4.5,2.0,1.5
1783607701567,2026-07-09 16:35:01.567,C3:00:00:63:4C:D2,-73,127,4.5,2.0,1.5
1783607701667,2026-07-09 16:35:01.667,C3:00:00:63:4C:D2,-57,127,4.5,2.0,1.5
1783607701987,2026-07-09 16:35:01.987,C3:00:00:63:4C:D2,-54,127,4.5,2.0,1.5
1783607702325,2026-07-09 16:35:02.325,C3:00:00:63:4C:D2,-62,127,4.5,2.0,1.5
1783607702506,2026-07-09 16:35:02.506,C3:00:00:63:4C:D2,-56,127,4.5,2.0,1.5
1783607702717,2026-07-09 16:35:02.717,C3:00:00:63:4C:D2,-71,127,4.5,2.0,1.5
1783607702928,2026-07-09 16:35:02.928,C3:00:00:63:4C:D2,-54,127,4.5,2.0,1.5
1783607703025,2026-07-09 16:35:03.025,C3:00:00:63:4C:D2,-72,127,4.5,2.0,1.5
1783607703140,2026-07-09 16:35:03.140,C3:00:00:63:4C:D2,-57,127,4.5,2.0,1.5
1783607703238,2026-07-09 16:35:03.238,C3:00:00:63:4C:D2,-56,127,4.5,2.0,1.5
1783607703340,2026-07-09 16:35:03.340,C3:00:00:63:4C:D2,-70,127,4.5,2.0,1.5
1783607703450,2026-07-09 16:35:03.450,C3:00:00:63:4C:D2,-58,127,4.5,2.0,1.5
1783607703468,2026-07-09 16:35:03.468,C3:00:00:63:4C:D2,-57,127,4.5,2.0,1.5
1783607703484,2026-07-09 16:35:03.484,C3:00:00:63:4C:D2,-56,127,4.5,2.0,1.5
1783607703555,2026-07-09 16:35:03.555,C3:00:00:63:4C:D2,-54,127,4.5,2.0,1.5
1783607703767,2026-07-09 16:35:03.767,C3:00:00:63:4C:D2,-60,127,4.5,2.0,1.5
1783607703876,2026-07-09 16:35:03.876,C3:00:00:63:4C:D2,-70,127,4.5,2.0,1.5
1783607703976,2026-07-09 16:35:03.976,C3:00:00:63:4C:D2,-56,127,4.5,2.0,1.5
1783607704079,2026-07-09 16:35:04.079,C3:00:00:63:4C:D2,-56,127,4.5,2.0,1.5
1783607704188,2026-07-09 16:35:04.188,C3:00:00:63:4C:D2,-72,127,4.5,2.0,1.5
1783607704291,2026-07-09 16:35:04.291,C3:00:00:63:4C:D2,-60,127,4.5,2.0,1.5
1783607704403,2026-07-09 16:35:04.403,C3:00:00:63:4C:D2,-56,127,4.5,2.0,1.5
1783607704496,2026-07-09 16:35:04.496,C3:00:00:63:4C:D2,-71,127,4.5,2.0,1.5
1783607704613,2026-07-09 16:35:04.613,C3:00:00:63:4C:D2,-58,127,4.5,2.0,1.5
1783607704710,2026-07-09 16:35:04.710,C3:00:00:63:4C:D2,-54,127,4.5,2.0,1.5
1783607704825,2026-07-09 16:35:04.825,C3:00:00:63:4C:D2,-67,127,4.5,2.0,1.5
1783607704921,2026-07-09 16:35:04.921,C3:00:00:63:4C:D2,-60,127,4.5,2.0,1.5
1783607705029,2026-07-09 16:35:05.029,C3:00:00:63:4C:D2,-54,127,4.5,2.0,1.5
1783607705132,2026-07-09 16:35:05.132,C3:00:00:63:4C:D2,-64,127,4.5,2.0,1.5
1783607705167,2026-07-09 16:35:05.167,C3:00:00:63:4C:D2,-61,127,4.5,2.0,1.5
1783607705244,2026-07-09 16:35:05.244,C3:00:00:63:4C:D2,-60,127,4.5,2.0,1.5
1783607705347,2026-07-09 16:35:05.347,C3:00:00:63:4C:D2,-53,127,4.5,2.0,1.5
1783607705446,2026-07-09 16:35:05.446,C3:00:00:63:4C:D2,-71,127,4.5,2.0,1.5
1783607705673,2026-07-09 16:35:05.673,C3:00:00:63:4C:D2,-54,127,4.5,2.0,1.5
1783607705760,2026-07-09 16:35:05.760,C3:00:00:63:4C:D2,-65,127,4.5,2.0,1.5
1783607705864,2026-07-09 16:35:05.864,C3:00:00:63:4C:D2,-59,127,4.5,2.0,1.5
1783607705976,2026-07-09 16:35:05.976,C3:00:00:63:4C:D2,-64,127,4.5,2.0,1.5
1783607706071,2026-07-09 16:35:06.071,C3:00:00:63:4C:D2,-61,127,4.5,2.0,1.5
1783607706184,2026-07-09 16:35:06.184,C3:00:00:63:4C:D2,-53,127,4.5,2.0,1.5
1783607706292,2026-07-09 16:35:06.292,C3:00:00:63:4C:D2,-66,127,4.5,2.0,1.5
1783607706401,2026-07-09 16:35:06.401,C3:00:00:63:4C:D2,-58,127,4.5,2.0,1.5
1783607706504,2026-07-09 16:35:06.504,C3:00:00:63:4C:D2,-60,127,4.5,2.0,1.5
1783607706606,2026-07-09 16:35:06.606,C3:00:00:63:4C:D2,-62,127,4.5,2.0,1.5
1783607706914,2026-07-09 16:35:06.914,C3:00:00:63:4C:D2,-64,127,4.5,2.0,1.5
1783607707019,2026-07-09 16:35:07.019,C3:00:00:63:4C:D2,-58,127,4.5,2.0,1.5
1783607707136,2026-07-09 16:35:07.136,C3:00:00:63:4C:D2,-54,127,4.5,2.0,1.5
1783607707174,2026-07-09 16:35:07.174,C3:00:00:63:4C:D2,-82,127,4.5,2.0,1.5
1783607707231,2026-07-09 16:35:07.231,C3:00:00:63:4C:D2,-71,127,4.5,2.0,1.5
1783607707343,2026-07-09 16:35:07.343,C3:00:00:63:4C:D2,-56,127,4.5,2.0,1.5
1783607707446,2026-07-09 16:35:07.446,C3:00:00:63:4C:D2,-55,127,4.5,2.0,1.5
1783607707472,2026-07-09 16:35:07.472,C3:00:00:63:4C:D2,-76,127,4.5,2.0,1.5
1783607707488,2026-07-09 16:35:07.488,C3:00:00:63:4C:D2,-75,127,4.5,2.0,1.5
1783607707546,2026-07-09 16:35:07.546,C3:00:00:63:4C:D2,-69,127,4.5,2.0,1.5
1783607707654,2026-07-09 16:35:07.654,C3:00:00:63:4C:D2,-60,127,4.5,2.0,1.5
1783607707758,2026-07-09 16:35:07.758,C3:00:00:63:4C:D2,-53,127,4.5,2.0,1.5
1783607707862,2026-07-09 16:35:07.862,C3:00:00:63:4C:D2,-71,127,4.5,2.0,1.5
1783607707967,2026-07-09 16:35:07.967,C3:00:00:63:4C:D2,-59,127,4.5,2.0,1.5
1783607708181,2026-07-09 16:35:08.181,C3:00:00:63:4C:D2,-57,127,4.5,2.0,1.5
1783607708395,2026-07-09 16:35:08.395,C3:00:00:63:4C:D2,-73,127,4.5,2.0,1.5
1783607708596,2026-07-09 16:35:08.596,C3:00:00:63:4C:D2,-53,127,4.5,2.0,1.5
1783607708803,2026-07-09 16:35:08.803,C3:00:00:63:4C:D2,-56,127,4.5,2.0,1.5
1783607709117,2026-07-09 16:35:09.117,C3:00:00:63:4C:D2,-57,127,4.5,2.0,1.5
1783607709193,2026-07-09 16:35:09.193,C3:00:00:63:4C:D2,-55,127,4.5,2.0,1.5
1783607709230,2026-07-09 16:35:09.230,C3:00:00:63:4C:D2,-55,127,4.5,2.0,1.5
1783607709481,2026-07-09 16:35:09.481,C3:00:00:63:4C:D2,-54,127,4.5,2.0,1.5
1783607709762,2026-07-09 16:35:09.762,C3:00:00:63:4C:D2,-59,127,4.5,2.0,1.5
1783607709855,2026-07-09 16:35:09.855,C3:00:00:63:4C:D2,-54,127,4.5,2.0,1.5
1783607709967,2026-07-09 16:35:09.967,C3:00:00:63:4C:D2,-75,127,4.5,2.0,1.5
1783607710071,2026-07-09 16:35:10.071,C3:00:00:63:4C:D2,-60,127,4.5,2.0,1.5
1783607710277,2026-07-09 16:35:10.277,C3:00:00:63:4C:D2,-60,127,4.5,2.0,1.5
1783607710382,2026-07-09 16:35:10.382,C3:00:00:63:4C:D2,-54,127,4.5,2.0,1.5
1783607710589,2026-07-09 16:35:10.589,C3:00:00:63:4C:D2,-60,127,4.5,2.0,1.5
1783607711188,2026-07-09 16:35:11.188,C3:00:00:63:4C:D2,-58,127,4.5,2.0,1.5
1783607711215,2026-07-09 16:35:11.215,C3:00:00:63:4C:D2,-58,127,4.5,2.0,1.5
1783607711330,2026-07-09 16:35:11.330,C3:00:00:63:4C:D2,-56,127,4.5,2.0,1.5
1783607711441,2026-07-09 16:35:11.441,C3:00:00:63:4C:D2,-74,127,4.5,2.0,1.5
1783607711473,2026-07-09 16:35:11.473,C3:00:00:63:4C:D2,-58,127,4.5,2.0,1.5
1783607711488,2026-07-09 16:35:11.488,C3:00:00:63:4C:D2,-58,127,4.5,2.0,1.5
1783607711538,2026-07-09 16:35:11.538,C3:00:00:63:4C:D2,-58,127,4.5,2.0,1.5
1783607711660,2026-07-09 16:35:11.660,C3:00:00:63:4C:D2,-56,127,4.5,2.0,1.5
1783607711858,2026-07-09 16:35:11.858,C3:00:00:63:4C:D2,-58,127,4.5,2.0,1.5
1783607711953,2026-07-09 16:35:11.953,C3:00:00:63:4C:D2,-55,127,4.5,2.0,1.5
1783607712065,2026-07-09 16:35:12.065,C3:00:00:63:4C:D2,-70,127,4.5,2.0,1.5
1783607712174,2026-07-09 16:35:12.174,C3:00:00:63:4C:D2,-55,127,4.5,2.0,1.5
1783607712271,2026-07-09 16:35:12.271,C3:00:00:63:4C:D2,-67,127,4.5,2.0,1.5
1783607712382,2026-07-09 16:35:12.382,C3:00:00:63:4C:D2,-58,127,4.5,2.0,1.5
1783607712480,2026-07-09 16:35:12.480,C3:00:00:63:4C:D2,-54,127,4.5,2.0,1.5
1783607712589,2026-07-09 16:35:12.589,C3:00:00:63:4C:D2,-76,127,4.5,2.0,1.5
1783607712700,2026-07-09 16:35:12.700,C3:00:00:63:4C:D2,-58,127,4.5,2.0,1.5
1783607712914,2026-07-09 16:35:12.914,C3:00:00:63:4C:D2,-72,127,4.5,2.0,1.5
1783607713114,2026-07-09 16:35:13.114,C3:00:00:63:4C:D2,-54,127,4.5,2.0,1.5
1783607713186,2026-07-09 16:35:13.186,C3:00:00:63:4C:D2,-78,127,4.5,2.0,1.5
1783607713224,2026-07-09 16:35:13.224,C3:00:00:63:4C:D2,-84,127,4.5,2.0,1.5
1783607713430,2026-07-09 16:35:13.430,C3:00:00:63:4C:D2,-54,127,4.5,2.0,1.5
1783607713473,2026-07-09 16:35:13.473,C3:00:00:63:4C:D2,-75,127,4.5,2.0,1.5
1783607713526,2026-07-09 16:35:13.526,C3:00:00:63:4C:D2,-74,127,4.5,2.0,1.5
1783607713740,2026-07-09 16:35:13.740,C3:00:00:63:4C:D2,-54,127,4.5,2.0,1.5
1783607713848,2026-07-09 16:35:13.848,C3:00:00:63:4C:D2,-72,127,4.5,2.0,1.5
1783607713954,2026-07-09 16:35:13.954,C3:00:00:63:4C:D2,-56,127,4.5,2.0,1.5
1783607714061,2026-07-09 16:35:14.061,C3:00:00:63:4C:D2,-54,127,4.5,2.0,1.5
1783607714162,2026-07-09 16:35:14.162,C3:00:00:63:4C:D2,-70,127,4.5,2.0,1.5
1783607714263,2026-07-09 16:35:14.263,C3:00:00:63:4C:D2,-60,127,4.5,2.0,1.5
1783607714346,2026-07-09 16:35:14.346,C3:00:00:63:4C:D2,-64,127,4.5,2.0,1.5
1783607714369,2026-07-09 16:35:14.369,C3:00:00:63:4C:D2,-69,127,4.5,2.0,1.5
1783607714477,2026-07-09 16:35:14.477,C3:00:00:63:4C:D2,-58,127,4.5,2.0,1.5
1783607714577,2026-07-09 16:35:14.577,C3:00:00:63:4C:D2,-54,127,4.5,2.0,1.5
1783607714800,2026-07-09 16:35:14.800,C3:00:00:63:4C:D2,-56,127,4.5,2.0,1.5
1783607714999,2026-07-09 16:35:14.999,C3:00:00:63:4C:D2,-71,127,4.5,2.0,1.5
1783607715108,2026-07-09 16:35:15.108,C3:00:00:63:4C:D2,-58,127,4.5,2.0,1.5
1783607715193,2026-07-09 16:35:15.193,C3:00:00:63:4C:D2,-56,127,4.5,2.0,1.5
1783607715233,2026-07-09 16:35:15.233,C3:00:00:63:4C:D2,-55,127,4.5,2.0,1.5
1783607715312,2026-07-09 16:35:15.312,C3:00:00:63:4C:D2,-75,127,4.5,2.0,1.5
1783607715421,2026-07-09 16:35:15.421,C3:00:00:63:4C:D2,-57,127,4.5,2.0,1.5
1783607715478,2026-07-09 16:35:15.478,C3:00:00:63:4C:D2,-56,127,4.5,2.0,1.5
1783607715491,2026-07-09 16:35:15.491,C3:00:00:63:4C:D2,-56,127,4.5,2.0,1.5
1783607715528,2026-07-09 16:35:15.528,C3:00:00:63:4C:D2,-55,127,4.5,2.0,1.5
1783607715633,2026-07-09 16:35:15.633,C3:00:00:63:4C:D2,-75,127,4.5,2.0,1.5
1783607715741,2026-07-09 16:35:15.741,C3:00:00:63:4C:D2,-58,127,4.5,2.0,1.5
1783607715838,2026-07-09 16:35:15.838,C3:00:00:63:4C:D2,-54,127,4.5,2.0,1.5
1783607716160,2026-07-09 16:35:16.160,C3:00:00:63:4C:D2,-54,127,4.5,2.0,1.5
1783607716263,2026-07-09 16:35:16.263,C3:00:00:63:4C:D2,-71,127,4.5,2.0,1.5
1783607716573,2026-07-09 16:35:16.573,C3:00:00:63:4C:D2,-60,127,4.5,2.0,1.5
1783607716992,2026-07-09 16:35:16.992,C3:00:00:63:4C:D2,-55,127,4.5,2.0,1.5
1783607717192,2026-07-09 16:35:17.192,C3:00:00:63:4C:D2,-56,127,4.5,2.0,1.5
1783607717207,2026-07-09 16:35:17.207,C3:00:00:63:4C:D2,-56,127,4.5,2.0,1.5
1783607717318,2026-07-09 16:35:17.318,C3:00:00:63:4C:D2,-56,127,4.5,2.0,1.5
1783607717415,2026-07-09 16:35:17.415,C3:00:00:63:4C:D2,-81,127,4.5,2.0,1.5
1783607717491,2026-07-09 16:35:17.491,C3:00:00:63:4C:D2,-57,127,4.5,2.0,1.5
1783607717515,2026-07-09 16:35:17.515,C3:00:00:63:4C:D2,-58,127,4.5,2.0,1.5
1783607717622,2026-07-09 16:35:17.622,C3:00:00:63:4C:D2,-55,127,4.5,2.0,1.5
1783607717735,2026-07-09 16:35:17.735,C3:00:00:63:4C:D2,-76,127,4.5,2.0,1.5
1783607717831,2026-07-09 16:35:17.831,C3:00:00:63:4C:D2,-58,127,4.5,2.0,1.5
1783607717942,2026-07-09 16:35:17.942,C3:00:00:63:4C:D2,-55,127,4.5,2.0,1.5
1783607718046,2026-07-09 16:35:18.046,C3:00:00:63:4C:D2,-71,127,4.5,2.0,1.5
1783607718159,2026-07-09 16:35:18.159,C3:00:00:63:4C:D2,-58,127,4.5,2.0,1.5
1783607718256,2026-07-09 16:35:18.256,C3:00:00:63:4C:D2,-54,127,4.5,2.0,1.5
1783607718354,2026-07-09 16:35:18.354,C3:00:00:63:4C:D2,-80,127,4.5,2.0,1.5
1783607718380,2026-07-09 16:35:18.380,C3:00:00:63:4C:D2,-57,127,4.5,2.0,1.5
1783607718464,2026-07-09 16:35:18.464,C3:00:00:63:4C:D2,-58,127,4.5,2.0,1.5
1783607718574,2026-07-09 16:35:18.574,C3:00:00:63:4C:D2,-74,127,4.5,2.0,1.5
1783607718681,2026-07-09 16:35:18.681,C3:00:00:63:4C:D2,-60,127,4.5,2.0,1.5
1783607718889,2026-07-09 16:35:18.889,C3:00:00:63:4C:D2,-72,127,4.5,2.0,1.5
1783607718992,2026-07-09 16:35:18.992,C3:00:00:63:4C:D2,-58,127,4.5,2.0,1.5
1783607719101,2026-07-09 16:35:19.101,C3:00:00:63:4C:D2,-54,127,4.5,2.0,1.5
1783607719201,2026-07-09 16:35:19.201,C3:00:00:63:4C:D2,-80,127,4.5,2.0,1.5
1783607719313,2026-07-09 16:35:19.313,C3:00:00:63:4C:D2,-60,127,4.5,2.0,1.5
1783607719420,2026-07-09 16:35:19.420,C3:00:00:63:4C:D2,-54,127,4.5,2.0,1.5
1783607719469,2026-07-09 16:35:19.469,C3:00:00:63:4C:D2,-80,127,4.5,2.0,1.5
1783607719495,2026-07-09 16:35:19.495,C3:00:00:63:4C:D2,-75,127,4.5,2.0,1.5
1783607719511,2026-07-09 16:35:19.511,C3:00:00:63:4C:D2,-76,127,4.5,2.0,1.5
1783607719622,2026-07-09 16:35:19.622,C3:00:00:63:4C:D2,-57,127,4.5,2.0,1.5
1783607719730,2026-07-09 16:35:19.730,C3:00:00:63:4C:D2,-54,127,4.5,2.0,1.5
1783607719937,2026-07-09 16:35:19.937,C3:00:00:63:4C:D2,-56,127,4.5,2.0,1.5
1783607720047,2026-07-09 16:35:20.047,C3:00:00:63:4C:D2,-56,127,4.5,2.0,1.5
1783607720248,2026-07-09 16:35:20.248,C3:00:00:63:4C:D2,-74,127,4.5,2.0,1.5
1783607720364,2026-07-09 16:35:20.364,C3:00:00:63:4C:D2,-59,127,4.5,2.0,1.5
1783607720462,2026-07-09 16:35:20.462,C3:00:00:63:4C:D2,-61,127,4.5,2.0,1.5
1783607720569,2026-07-09 16:35:20.569,C3:00:00:63:4C:D2,-66,127,4.5,2.0,1.5
1783607720783,2026-07-09 16:35:20.783,C3:00:00:63:4C:D2,-64,127,4.5,2.0,1.5
1783607720880,2026-07-09 16:35:20.880,C3:00:00:63:4C:D2,-58,127,4.5,2.0,1.5
1783607720987,2026-07-09 16:35:20.987,C3:00:00:63:4C:D2,-70,127,4.5,2.0,1.5
1783607721203,2026-07-09 16:35:21.203,C3:00:00:63:4C:D2,-54,127,4.5,2.0,1.5
1783607721220,2026-07-09 16:35:21.220,C3:00:00:63:4C:D2,-55,127,4.5,2.0,1.5
1783607721406,2026-07-09 16:35:21.406,C3:00:00:63:4C:D2,-57,127,4.5,2.0,1.5
1783607721506,2026-07-09 16:35:21.506,C3:00:00:63:4C:D2,-54,127,4.5,2.0,1.5
1783607721528,2026-07-09 16:35:21.528,C3:00:00:63:4C:D2,-54,127,4.5,2.0,1.5
1783607721609,2026-07-09 16:35:21.609,C3:00:00:63:4C:D2,-71,127,4.5,2.0,1.5
1783607721721,2026-07-09 16:35:21.721,C3:00:00:63:4C:D2,-56,127,4.5,2.0,1.5
1783607721926,2026-07-09 16:35:21.926,C3:00:00:63:4C:D2,-72,127,4.5,2.0,1.5
1783607722143,2026-07-09 16:35:22.143,C3:00:00:63:4C:D2,-52,127,4.5,2.0,1.5
1783607722458,2026-07-09 16:35:22.458,C3:00:00:63:4C:D2,-54,127,4.5,2.0,1.5
1783607722664,2026-07-09 16:35:22.664,C3:00:00:63:4C:D2,-58,127,4.5,2.0,1.5
1783607722771,2026-07-09 16:35:22.771,C3:00:00:63:4C:D2,-68,127,4.5,2.0,1.5
1783607722873,2026-07-09 16:35:22.873,C3:00:00:63:4C:D2,-58,127,4.5,2.0,1.5
1783607722983,2026-07-09 16:35:22.983,C3:00:00:63:4C:D2,-57,127,4.5,2.0,1.5
1783607723192,2026-07-09 16:35:23.192,C3:00:00:63:4C:D2,-58,127,4.5,2.0,1.5
1783607723220,2026-07-09 16:35:23.220,C3:00:00:63:4C:D2,-60,127,4.5,2.0,1.5
1783607723407,2026-07-09 16:35:23.407,C3:00:00:63:4C:D2,-71,127,4.5,2.0,1.5
1783607723482,2026-07-09 16:35:23.482,C3:00:00:63:4C:D2,-58,127,4.5,2.0,1.5
1783607723501,2026-07-09 16:35:23.501,C3:00:00:63:4C:D2,-58,127,4.5,2.0,1.5
1783607723717,2026-07-09 16:35:23.717,C3:00:00:63:4C:D2,-73,127,4.5,2.0,1.5
1783607723829,2026-07-09 16:35:23.829,C3:00:00:63:4C:D2,-58,127,4.5,2.0,1.5
1783607723931,2026-07-09 16:35:23.931,C3:00:00:63:4C:D2,-54,127,4.5,2.0,1.5
1783607724033,2026-07-09 16:35:24.033,C3:00:00:63:4C:D2,-74,127,4.5,2.0,1.5
1783607724233,2026-07-09 16:35:24.233,C3:00:00:63:4C:D2,-56,127,4.5,2.0,1.5
1783607724346,2026-07-09 16:35:24.346,C3:00:00:63:4C:D2,-80,127,4.5,2.0,1.5
1783607724448,2026-07-09 16:35:24.448,C3:00:00:63:4C:D2,-58,127,4.5,2.0,1.5
1783607724552,2026-07-09 16:35:24.552,C3:00:00:63:4C:D2,-55,127,4.5,2.0,1.5
1783607724664,2026-07-09 16:35:24.664,C3:00:00:63:4C:D2,-74,127,4.5,2.0,1.5
1783607724762,2026-07-09 16:35:24.762,C3:00:00:63:4C:D2,-60,127,4.5,2.0,1.5
1783607724873,2026-07-09 16:35:24.873,C3:00:00:63:4C:D2,-72,127,4.5,2.0,1.5
1783607724975,2026-07-09 16:35:24.975,C3:00:00:63:4C:D2,-58,127,4.5,2.0,1.5
1783607725181,2026-07-09 16:35:25.181,C3:00:00:63:4C:D2,-74,127,4.5,2.0,1.5
1783607725223,2026-07-09 16:35:25.223,C3:00:00:63:4C:D2,-70,127,4.5,2.0,1.5
1783607725292,2026-07-09 16:35:25.292,C3:00:00:63:4C:D2,-56,127,4.5,2.0,1.5
1783607725495,2026-07-09 16:35:25.495,C3:00:00:63:4C:D2,-70,127,4.5,2.0,1.5
1783607725517,2026-07-09 16:35:25.517,C3:00:00:63:4C:D2,-70,127,4.5,2.0,1.5
1783607725601,2026-07-09 16:35:25.601,C3:00:00:63:4C:D2,-60,127,4.5,2.0,1.5
1783607725708,2026-07-09 16:35:25.708,C3:00:00:63:4C:D2,-54,127,4.5,2.0,1.5
1783607725813,2026-07-09 16:35:25.813,C3:00:00:63:4C:D2,-70,127,4.5,2.0,1.5
1783607725928,2026-07-09 16:35:25.928,C3:00:00:63:4C:D2,-58,127,4.5,2.0,1.5
1783607726022,2026-07-09 16:35:26.022,C3:00:00:63:4C:D2,-54,127,4.5,2.0,1.5
1783607726133,2026-07-09 16:35:26.133,C3:00:00:63:4C:D2,-80,127,4.5,2.0,1.5
1783607726246,2026-07-09 16:35:26.246,C3:00:00:63:4C:D2,-58,127,4.5,2.0,1.5
1783607726373,2026-07-09 16:35:26.373,C3:00:00:63:4C:D2,-60,127,4.5,2.0,1.5
1783607726447,2026-07-09 16:35:26.447,C3:00:00:63:4C:D2,-72,127,4.5,2.0,1.5
1783607726555,2026-07-09 16:35:26.555,C3:00:00:63:4C:D2,-57,127,4.5,2.0,1.5
1783607726874,2026-07-09 16:35:26.874,C3:00:00:63:4C:D2,-56,127,4.5,2.0,1.5
1783607727073,2026-07-09 16:35:27.073,C3:00:00:63:4C:D2,-61,127,4.5,2.0,1.5
1783607727197,2026-07-09 16:35:27.197,C3:00:00:63:4C:D2,-59,127,4.5,2.0,1.5
1783607727220,2026-07-09 16:35:27.220,C3:00:00:63:4C:D2,-58,127,4.5,2.0,1.5
1783607727290,2026-07-09 16:35:27.290,C3:00:00:63:4C:D2,-60,127,4.5,2.0,1.5
1783607727389,2026-07-09 16:35:27.389,C3:00:00:63:4C:D2,-69,127,4.5,2.0,1.5
1783607727515,2026-07-09 16:35:27.515,C3:00:00:63:4C:D2,-64,127,4.5,2.0,1.5
1783607727533,2026-07-09 16:35:27.533,C3:00:00:63:4C:D2,-63,127,4.5,2.0,1.5
1783607727605,2026-07-09 16:35:27.605,C3:00:00:63:4C:D2,-65,127,4.5,2.0,1.5
1783607727706,2026-07-09 16:35:27.706,C3:00:00:63:4C:D2,-62,127,4.5,2.0,1.5
1783607727814,2026-07-09 16:35:27.814,C3:00:00:63:4C:D2,-56,127,4.5,2.0,1.5
1783607727910,2026-07-09 16:35:27.910,C3:00:00:63:4C:D2,-62,127,4.5,2.0,1.5
1783607728020,2026-07-09 16:35:28.020,C3:00:00:63:4C:D2,-56,127,4.5,2.0,1.5
1783607728126,2026-07-09 16:35:28.126,C3:00:00:63:4C:D2,-53,127,4.5,2.0,1.5
1783607728230,2026-07-09 16:35:28.230,C3:00:00:63:4C:D2,-72,127,4.5,2.0,1.5
1783607728334,2026-07-09 16:35:28.334,C3:00:00:63:4C:D2,-62,127,4.5,2.0,1.5
1783607728540,2026-07-09 16:35:28.540,C3:00:00:63:4C:D2,-69,127,4.5,2.0,1.5
1783607728644,2026-07-09 16:35:28.644,C3:00:00:63:4C:D2,-58,127,4.5,2.0,1.5
1783607728855,2026-07-09 16:35:28.855,C3:00:00:63:4C:D2,-68,127,4.5,2.0,1.5
1783607729063,2026-07-09 16:35:29.063,C3:00:00:63:4C:D2,-54,127,4.5,2.0,1.5
1783607729169,2026-07-09 16:35:29.169,C3:00:00:63:4C:D2,-58,127,4.5,2.0,1.5
1783607729232,2026-07-09 16:35:29.232,C3:00:00:63:4C:D2,-57,127,4.5,2.0,1.5
1783607729523,2026-07-09 16:35:29.523,C3:00:00:63:4C:D2,-56,127,4.5,2.0,1.5
1783607729592,2026-07-09 16:35:29.592,C3:00:00:63:4C:D2,-54,127,4.5,2.0,1.5
1783607729815,2026-07-09 16:35:29.815,C3:00:00:63:4C:D2,-62,127,4.5,2.0,1.5
1783607729903,2026-07-09 16:35:29.903,C3:00:00:63:4C:D2,-54,127,4.5,2.0,1.5
1783607730119,2026-07-09 16:35:30.119,C3:00:00:63:4C:D2,-57,127,4.5,2.0,1.5
1783607730218,2026-07-09 16:35:30.218,C3:00:00:63:4C:D2,-56,127,4.5,2.0,1.5
1783607730329,2026-07-09 16:35:30.329,C3:00:00:63:4C:D2,-60,127,4.5,2.0,1.5
1783607730448,2026-07-09 16:35:30.448,C3:00:00:63:4C:D2,-66,127,4.5,2.0,1.5
1783607730642,2026-07-09 16:35:30.642,C3:00:00:63:4C:D2,-65,127,4.5,2.0,1.5
1783607730744,2026-07-09 16:35:30.744,C3:00:00:63:4C:D2,-58,127,4.5,2.0,1.5
1783607730861,2026-07-09 16:35:30.861,C3:00:00:63:4C:D2,-54,127,4.5,2.0,1.5
1783607730960,2026-07-09 16:35:30.960,C3:00:00:63:4C:D2,-68,127,4.5,2.0,1.5
1783607731231,2026-07-09 16:35:31.231,C3:00:00:63:4C:D2,-76,127,4.5,2.0,1.5
1783607731275,2026-07-09 16:35:31.275,C3:00:00:63:4C:D2,-58,127,4.5,2.0,1.5
1783607731387,2026-07-09 16:35:31.387,C3:00:00:63:4C:D2,-54,127,4.5,2.0,1.5
1783607731500,2026-07-09 16:35:31.500,C3:00:00:63:4C:D2,-81,127,4.5,2.0,1.5
1783607731590,2026-07-09 16:35:31.590,C3:00:00:63:4C:D2,-60,127,4.5,2.0,1.5
1783607731797,2026-07-09 16:35:31.797,C3:00:00:63:4C:D2,-73,127,4.5,2.0,1.5
1783607731901,2026-07-09 16:35:31.901,C3:00:00:63:4C:D2,-58,127,4.5,2.0,1.5
1783607732010,2026-07-09 16:35:32.010,C3:00:00:63:4C:D2,-51,127,4.5,2.0,1.5
1783607732117,2026-07-09 16:35:32.117,C3:00:00:63:4C:D2,-80,127,4.5,2.0,1.5
1783607732220,2026-07-09 16:35:32.220,C3:00:00:63:4C:D2,-60,127,4.5,2.0,1.5
1783607732327,2026-07-09 16:35:32.327,C3:00:00:63:4C:D2,-54,127,4.5,2.0,1.5
1783607732435,2026-07-09 16:35:32.435,C3:00:00:63:4C:D2,-70,127,4.5,2.0,1.5
1783607732540,2026-07-09 16:35:32.540,C3:00:00:63:4C:D2,-61,127,4.5,2.0,1.5
1783607732747,2026-07-09 16:35:32.747,C3:00:00:63:4C:D2,-70,127,4.5,2.0,1.5
1783607732847,2026-07-09 16:35:32.847,C3:00:00:63:4C:D2,-59,127,4.5,2.0,1.5
1783607733057,2026-07-09 16:35:33.057,C3:00:00:63:4C:D2,-74,127,4.5,2.0,1.5
1783607733233,2026-07-09 16:35:33.233,C3:00:00:63:4C:D2,-55,127,4.5,2.0,1.5
1783607733269,2026-07-09 16:35:33.269,C3:00:00:63:4C:D2,-54,127,4.5,2.0,1.5
1783607733370,2026-07-09 16:35:33.370,C3:00:00:63:4C:D2,-58,127,4.5,2.0,1.5
1783607733481,2026-07-09 16:35:33.481,C3:00:00:63:4C:D2,-54,127,4.5,2.0,1.5
1783607733536,2026-07-09 16:35:33.536,C3:00:00:63:4C:D2,-55,127,4.5,2.0,1.5
1783607733585,2026-07-09 16:35:33.585,C3:00:00:63:4C:D2,-70,127,4.5,2.0,1.5
1783607733691,2026-07-09 16:35:33.691,C3:00:00:63:4C:D2,-59,127,4.5,2.0,1.5
1783607733805,2026-07-09 16:35:33.805,C3:00:00:63:4C:D2,-54,127,4.5,2.0,1.5
1783607734002,2026-07-09 16:35:34.002,C3:00:00:63:4C:D2,-58,127,4.5,2.0,1.5
1783607734107,2026-07-09 16:35:34.107,C3:00:00:63:4C:D2,-56,127,4.5,2.0,1.5
1783607734217,2026-07-09 16:35:34.217,C3:00:00:63:4C:D2,-68,127,4.5,2.0,1.5
1783607734327,2026-07-09 16:35:34.327,C3:00:00:63:4C:D2,-58,127,4.5,2.0,1.5
1783607734738,2026-07-09 16:35:34.738,C3:00:00:63:4C:D2,-53,127,4.5,2.0,1.5
1783607734851,2026-07-09 16:35:34.851,C3:00:00:63:4C:D2,-66,127,4.5,2.0,1.5
1783607734949,2026-07-09 16:35:34.949,C3:00:00:63:4C:D2,-56,127,4.5,2.0,1.5
1783607735251,2026-07-09 16:35:35.251,C3:00:00:63:4C:D2,-58,127,4.5,2.0,1.5
1783607735265,2026-07-09 16:35:35.265,C3:00:00:63:4C:D2,-59,127,4.5,2.0,1.5
1783607735372,2026-07-09 16:35:35.372,C3:00:00:63:4C:D2,-70,127,4.5,2.0,1.5
1783607735470,2026-07-09 16:35:35.470,C3:00:00:63:4C:D2,-66,127,4.5,2.0,1.5
1783607735500,2026-07-09 16:35:35.500,C3:00:00:63:4C:D2,-58,127,4.5,2.0,1.5
1783607735585,2026-07-09 16:35:35.585,C3:00:00:63:4C:D2,-56,127,4.5,2.0,1.5
1783607735687,2026-07-09 16:35:35.687,C3:00:00:63:4C:D2,-68,127,4.5,2.0,1.5
1783607735886,2026-07-09 16:35:35.886,C3:00:00:63:4C:D2,-54,127,4.5,2.0,1.5
1783607735992,2026-07-09 16:35:35.992,C3:00:00:63:4C:D2,-76,127,4.5,2.0,1.5
1783607736101,2026-07-09 16:35:36.101,C3:00:00:63:4C:D2,-57,127,4.5,2.0,1.5
1783607736313,2026-07-09 16:35:36.313,C3:00:00:63:4C:D2,-65,127,4.5,2.0,1.5
1783607736418,2026-07-09 16:35:36.418,C3:00:00:63:4C:D2,-61,127,4.5,2.0,1.5
1783607736633,2026-07-09 16:35:36.633,C3:00:00:63:4C:D2,-67,127,4.5,2.0,1.5
1783607736836,2026-07-09 16:35:36.836,C3:00:00:63:4C:D2,-54,127,4.5,2.0,1.5
1783607736942,2026-07-09 16:35:36.942,C3:00:00:63:4C:D2,-84,127,4.5,2.0,1.5
1783607737152,2026-07-09 16:35:37.152,C3:00:00:63:4C:D2,-55,127,4.5,2.0,1.5
1783607737246,2026-07-09 16:35:37.246,C3:00:00:63:4C:D2,-67,127,4.5,2.0,1.5
1783607737270,2026-07-09 16:35:37.270,C3:00:00:63:4C:D2,-67,127,4.5,2.0,1.5
1783607737379,2026-07-09 16:35:37.379,C3:00:00:63:4C:D2,-55,127,4.5,2.0,1.5
1783607737468,2026-07-09 16:35:37.468,C3:00:00:63:4C:D2,-54,127,4.5,2.0,1.5
1783607737547,2026-07-09 16:35:37.547,C3:00:00:63:4C:D2,-73,127,4.5,2.0,1.5
1783607737572,2026-07-09 16:35:37.572,C3:00:00:63:4C:D2,-61,127,4.5,2.0,1.5
1783607737679,2026-07-09 16:35:37.679,C3:00:00:63:4C:D2,-55,127,4.5,2.0,1.5
1783607737783,2026-07-09 16:35:37.783,C3:00:00:63:4C:D2,-72,127,4.5,2.0,1.5
1783607737901,2026-07-09 16:35:37.901,C3:00:00:63:4C:D2,-59,127,4.5,2.0,1.5
1783607738006,2026-07-09 16:35:38.006,C3:00:00:63:4C:D2,-54,127,4.5,2.0,1.5
1783607738094,2026-07-09 16:35:38.094,C3:00:00:63:4C:D2,-74,127,4.5,2.0,1.5
1783607738315,2026-07-09 16:35:38.315,C3:00:00:63:4C:D2,-54,127,4.5,2.0,1.5
1783607738388,2026-07-09 16:35:38.388,C3:00:00:63:4C:D2,-84,127,4.5,2.0,1.5
1783607738411,2026-07-09 16:35:38.411,C3:00:00:63:4C:D2,-71,127,4.5,2.0,1.5
1783607738517,2026-07-09 16:35:38.517,C3:00:00:63:4C:D2,-57,127,4.5,2.0,1.5
1783607738628,2026-07-09 16:35:38.628,C3:00:00:63:4C:D2,-55,127,4.5,2.0,1.5
